No,Ch1,Ch2,Ch3,Ch4
12351,0.144823812,0.250154351,0.240508049,0.364513788
12352,0.045432089,0.568809644,0.173490592,0.212267676
12353,0.392356496,0.225330451,0.171789113,0.21052394
12354,0.235751804,0.192478597,0.055674223,0.516095376
12355,0.056089352,0.141837112,0.494050644,0.308022892
12356,0.284251495,0.089760439,0.414978432,0.211009634
12357,0.613194874,0.046043121,0.018336007,0.322425997
12358,0.241233976,0.091242448,0.380551221,0.286972356
12359,0.354514198,0.128681771,0.157012473,0.359791558
12360,0.520337706,0.064707393,0.159251459,0.255703442
12361,0.124370501,0.381026845,0.070969392,0.423633262
12362,0.289563289,0.365555982,0.06742473,0.277456
12363,0.338145425,0.372465852,0.085396201,0.203992522
12364,0.077932265,0.471274082,0.119264432,0.33152922
12365,0.08319757,0.402989482,0.058380611,0.455432337
12366,0.102463883,0.477649122,0.187625205,0.232261791
12367,0.159043645,0.084800032,0.212420988,0.543735335
12368,0.543258716,0.062429185,0.047282703,0.347029397
12369,0.187577899,0.081331323,0.361111726,0.369979052
12370,0.358299644,0.137628868,0.174179106,0.329892381
12371,0.092249363,0.13279019,0.29295465,0.482005798
12372,0.171705992,0.066408179,0.255682721,0.506203109
12373,0.22019577,0.132450265,0.354332007,0.293021958
12374,0.071844711,0.058424836,0.303903152,0.565827302
12375,0.091284072,0.361876015,0.263352634,0.283487279
12376,0.016706514,0.616141349,0.056293339,0.310858798
12377,0.125912442,0.236904374,0.087679654,0.549503531
12378,0.052593855,0.05312943,0.51202755,0.382249166
12379,0.171214224,0.490317237,0.047950058,0.290518481
12380,0.184315382,0.480408303,0.064398364,0.270877951
12381,0.041383346,0.150463303,0.576547116,0.231606235
12382,0.050353876,0.228436272,0.470016869,0.251192983
12383,0.052006755,0.36151501,0.186656184,0.399822051
12384,0.13437295,0.165138688,0.120506616,0.579981746
12385,0.048686265,0.261406902,0.371820911,0.318085922
12386,0.247234917,0.468928673,0.041994703,0.241841707
12387,0.054281533,0.402560121,0.214279319,0.328879026
12388,0.366525418,0.1076163,0.304278058,0.221580225
12389,0.073656843,0.570337589,0.118329435,0.237676133
12390,0.124669503,0.078898978,0.092480035,0.703951484
12391,0.042112347,0.063486833,0.602190938,0.292209882
12392,0.433278904,0.177788267,0.107229417,0.281703412
12393,0.265179112,0.203721445,0.097028895,0.434070548
12394,0.17279251,0.092357545,0.327964554,0.406885391
12395,0.051819454,0.103829615,0.58128318,0.263067751
12396,0.07537605,0.214259296,0.36941147,0.340953184
12397,0.542650823,0.028409482,0.205661594,0.223278101
12398,0.269584015,0.193027178,0.2363775,0.301011307
12399,0.240462838,0.463222531,0.04705752,0.249257111
12400,0.10695351,0.07986995,0.416087077,0.397089463
12401,0.061974287,0.184014339,0.096948696,0.657062679
12402,0.055547617,0.178223015,0.41219696,0.354032408
12403,0.095854412,0.107722285,0.235976755,0.560446548
12404,0.128691836,0.107132112,0.318141654,0.446034397
12405,0.189495255,0.438767252,0.114534903,0.25720259
12406,0.35505988,0.334992127,0.069123286,0.240824708
12407,0.372309077,0.05373178,0.409472796,0.164486346
12408,0.565852024,0.120532494,0.126219011,0.18739647
12409,0.487727072,0.21126879,0.030078444,0.270925694
12410,0.059993563,0.593979308,0.023895932,0.322131196
12411,0.520683139,0.056576355,0.107431873,0.315308634
12412,0.090033059,0.193661546,0.387568579,0.328736816
12413,0.124249244,0.323235011,0.31704823,0.235467515
12414,0.232333832,0.109227524,0.161255135,0.497183509
12415,0.429315459,0.120923472,0.146098648,0.303662421
12416,0.649870058,0.032230164,0.030989681,0.286910098
12417,0.244819173,0.068795551,0.111460535,0.574924741
12418,0.232923306,0.465918301,0.03272111,0.268437283
12419,0.232741648,0.078089653,0.065117689,0.62405101
12420,0.183158235,0.081327602,0.231995219,0.503518943
12421,0.352438065,0.358572981,0.062607432,0.226381523
12422,0.402153564,0.185626767,0.15585006,0.256369609
12423,0.124764699,0.215862245,0.089424459,0.569948597
12424,0.123169658,0.404767058,0.038400821,0.433662464
12425,0.318690754,0.142457174,0.17636259,0.362489482
12426,0.249840848,0.104024176,0.221581001,0.424553975
12427,0.429145618,0.064349741,0.076883659,0.429620982
12428,0.113925075,0.115136355,0.177378846,0.593559724
12429,0.410431915,0.116158403,0.255110572,0.218299109
12430,0.12499869,0.293737519,0.327730896,0.253532895
12431,0.093913095,0.309207972,0.316267021,0.280611913
12432,0.0447394,0.578717687,0.090328468,0.286214445
12433,0.139125072,0.328275396,0.150327637,0.382271894
12434,0.369305105,0.147725734,0.405006003,0.077963158
12435,0.150622036,0.227380379,0.418388729,0.203608856
12436,0.703398249,0.052951686,0.092033765,0.1516163
12437,0.169349459,0.48533008,0.068104445,0.277216015
12438,0.089942064,0.423863038,0.18047577,0.305719128
12439,0.110606519,0.3390075,0.174708677,0.375677304
12440,0.335646524,0.394946341,0.109368143,0.160038992
12441,0.420345377,0.213270341,0.120278305,0.246105978
12442,0.104629475,0.534468658,0.10916025,0.251741618
12443,0.125759482,0.357693134,0.109423683,0.407123701
12444,0.434028985,0.089941406,0.232598169,0.24343144
12445,0.078747082,0.109999527,0.519502428,0.291750963
12446,0.299117393,0.080048339,0.11217742,0.508656847
12447,0.029499002,0.578959722,0.034669945,0.356871331
12448,0.379125721,0.074537076,0.08241293,0.463924273
12449,0.153871988,0.038929431,0.552279486,0.254919095
12450,0.332535239,0.260728683,0.215148756,0.191587322
12451,0.032940516,0.33772767,0.365670844,0.26366097
12452,0.26784748,0.299405059,0.214341274,0.218406187
12453,0.194762386,0.110755689,0.365398579,0.329083346
12454,0.224358221,0.058173413,0.379924305,0.337544061
12455,0.08819029,0.554652612,0.051220292,0.305936807
12456,0.144438357,0.486806501,0.068390675,0.300364467
12457,0.365052657,0.060072198,0.227519285,0.34735586
12458,0.152087419,0.339009912,0.197382241,0.311520427
12459,0.069617488,0.153112658,0.248115714,0.52915414
12460,0.033493681,0.403173209,0.309618214,0.253714896
12461,0.270201455,0.451286303,0.068598123,0.209914119
12462,0.570047287,0.046584105,0.134595975,0.248772632
12463,0.111989884,0.191821502,0.235879806,0.460308808
12464,0.06947091,0.298139012,0.459022194,0.173367885
12465,0.147111443,0.134293293,0.224634283,0.493960981
12466,0.697928592,0.094201387,0.015231527,0.192638493
12467,0.072652918,0.425162473,0.181729225,0.320455385
12468,0.151628703,0.430756567,0.049707303,0.367907427
12469,0.050262996,0.416451414,0.262043987,0.271241603
12470,0.271727665,0.129159547,0.321183262,0.277929526
12471,0.149519577,0.069013484,0.343428163,0.438038776
12472,0.353340682,0.195180716,0.072115918,0.379362684
12473,0.271204524,0.260730515,0.121781225,0.346283736
12474,0.365936601,0.102484805,0.063081723,0.468496871
12475,0.608823197,0.045027752,0.037229938,0.308919112
12476,0.10325054,0.21347332,0.393815844,0.289460297
12477,0.420076246,0.093096963,0.248567853,0.238258938
12478,0.271880622,0.355555975,0.122095309,0.250468094
12479,0.091136159,0.126863143,0.3945689,0.387431798
12480,0.23424411,0.578004413,0.030692685,0.157058793
12481,0.210829522,0.29667207,0.226529357,0.265969051
12482,0.085275333,0.337533305,0.340426954,0.236764408
12483,0.108462378,0.110529827,0.091386378,0.689621417
12484,0.301338279,0.199462777,0.08377023,0.415428714
12485,0.589502434,0.092685249,0.10773466,0.210077658
12486,0.384030539,0.265371048,0.143203498,0.207394915
12487,0.13385561,0.493176013,0.175705262,0.197263115
12488,0.109394135,0.099117644,0.418680709,0.372807512
12489,0.082469416,0.346635188,0.215420159,0.355475237
12490,0.18179497,0.086073428,0.601609518,0.130522084
12491,0.331507014,0.151924098,0.31095829,0.205610599
12492,0.02664275,0.369162646,0.456041453,0.14815315
12493,0.147058224,0.286579503,0.324624788,0.241737484
12494,0.339651543,0.065327581,0.315082164,0.279938711
12495,0.481728707,0.104352806,0.177216968,0.236701519
12496,0.356904101,0.1717692,0.214831009,0.25649569
12497,0.136085878,0.473418081,0.039121586,0.351374455
12498,0.132855993,0.095402356,0.585152437,0.186589213
12499,0.334317529,0.047483256,0.391295746,0.226903469
12500,0.295649028,0.118993082,0.090942708,0.494415182
12501,0.056026769,0.341929375,0.366890349,0.235153506
12502,0.153532533,0.523227532,0.154407347,0.168832587
12503,0.223651762,0.488143547,0.041212996,0.246991695
12504,0.038896649,0.44330914,0.173500013,0.344294199
12505,0.24644921,0.390107396,0.060709286,0.302734108
12506,0.100590066,0.616930241,0.050933552,0.231546141
12507,0.235941863,0.073637979,0.276127089,0.414293069
12508,0.134715358,0.088146715,0.304647849,0.472490078
12509,0.102381429,0.270171935,0.196220138,0.431226497
12510,0.067092502,0.325121912,0.337554344,0.270231241
12511,0.09220895,0.151607185,0.129458454,0.626725411
12512,0.174038505,0.547218513,0.063546115,0.215196867
12513,0.141485631,0.575469432,0.057772389,0.225272548
12514,0.168475565,0.453361881,0.0276442,0.350518354
12515,0.17397396,0.452260013,0.099423505,0.274342523
12516,0.232477865,0.088865383,0.373948521,0.30470823
12517,0.086300587,0.129621711,0.275125632,0.508952069
12518,0.037332863,0.234878722,0.465786555,0.26200186
12519,0.428794345,0.041692356,0.283386157,0.246127142
12520,0.161606053,0.081095633,0.404733371,0.352564943
12521,0.519745647,0.068900095,0.077911912,0.333442347
12522,0.302754208,0.302296107,0.163997096,0.230952588
12523,0.035045937,0.32719692,0.374697803,0.26305934
12524,0.46672327,0.021448789,0.261650969,0.250176971
12525,0.54027112,0.152628797,0.09121706,0.215883022
12526,0.073933652,0.125373078,0.244930479,0.555762791
12527,0.293100462,0.295457032,0.082499397,0.328943108
12528,0.275124647,0.085463067,0.236918421,0.402493865
12529,0.191535819,0.094183895,0.109096155,0.605184131
12530,0.476428279,0.265134287,0.05478611,0.203651323
12531,0.079542004,0.164278872,0.053283595,0.70289553
12532,0.342198851,0.072333176,0.248673867,0.336794106
12533,0.498844305,0.091502798,0.194446732,0.215206166
12534,0.211962799,0.088894979,0.34879635,0.350345871
12535,0.49477643,0.105659694,0.065194975,0.334368901
12536,0.122399436,0.048851912,0.584992829,0.243755822
12537,0.118766578,0.325796773,0.135977144,0.419459505
12538,0.333067009,0.083170978,0.145575478,0.438186535
12539,0.224218954,0.323112368,0.20595694,0.246711738
12540,0.100063305,0.308513841,0.171591076,0.419831778
12541,0.221772188,0.344462241,0.251253171,0.182512401
12542,0.055410269,0.195875081,0.272727252,0.475987399
12543,0.388876108,0.126464314,0.130120124,0.354539455
12544,0.583380399,0.071668689,0.042177866,0.302773046
12545,0.412056069,0.089536737,0.187638139,0.310769056
12546,0.292142304,0.216251811,0.210247273,0.281358611
12547,0.265770529,0.143073085,0.063579242,0.527577144
12548,0.164833823,0.411179546,0.150431368,0.273555264
12549,0.358150848,0.091037053,0.120696292,0.430115807
12550,0.227804418,0.357675637,0.240064691,0.174455254
12551,0.026527479,0.493753112,0.1621529,0.31756651
12552,0.179859742,0.437197323,0.11837198,0.264570955
12553,0.443194038,0.059119937,0.153412901,0.344273124
12554,0.027629515,0.59446796,0.046517967,0.331384558
12555,0.19679917,0.064987601,0.551723639,0.18648959
12556,0.154520419,0.214356142,0.25987794,0.3712455
12557,0.229888682,0.126673242,0.200625498,0.442812578
12558,0.09665824,0.472521153,0.073792693,0.357027914
12559,0.057317003,0.080252417,0.491642313,0.370788267
12560,0.185375062,0.134277269,0.084679552,0.595668118
12561,0.121412034,0.373279569,0.11434552,0.390962878
12562,0.054905339,0.288696786,0.377600388,0.278797488
12563,0.095831987,0.032320932,0.512699959,0.359147123
12564,0.215246794,0.226536043,0.114990906,0.443226257
12565,0.216064085,0.359608003,0.114728607,0.309599305
12566,0.091953713,0.098084674,0.120413206,0.689548408
12567,0.276249155,0.336536484,0.115621562,0.271592798
12568,0.315116032,0.177024539,0.08913434,0.418725089
12569,0.290173247,0.233691882,0.294417597,0.181717275
12570,0.045567076,0.165548221,0.521630215,0.267254489
12571,0.154598986,0.383454155,0.179474196,0.282472664
12572,0.045365662,0.11174606,0.197551247,0.645337031
12573,0.114571973,0.536064123,0.072260618,0.277103287
12574,0.202530063,0.299783677,0.320731039,0.176955221
12575,0.055504311,0.357325311,0.101968186,0.485202191
12576,0.035720967,0.192253975,0.394086358,0.3779387
12577,0.043189985,0.276742482,0.480832343,0.19923519
12578,0.331170596,0.084631766,0.340052464,0.244145175
12579,0.284855049,0.319915071,0.162711463,0.232518417
12580,0.396815276,0.229572208,0.090083002,0.283529514
12581,0.115166386,0.483685324,0.116639368,0.284508922
12582,0.213915038,0.227257906,0.264408929,0.294418127
12583,0.105115031,0.593089874,0.090612789,0.211182305
12584,0.056241949,0.073640137,0.629900368,0.240217547
12585,0.500817905,0.083960431,0.280024801,0.135196862
12586,0.155765496,0.080569978,0.380495649,0.383168876
12587,0.03138498,0.506992026,0.214122818,0.247500176
12588,0.158639056,0.471898502,0.098407793,0.271054648
12589,0.215565433,0.167779791,0.299804343,0.316850433
12590,0.102138864,0.481832172,0.197257206,0.218771758
12591,0.035177376,0.054386346,0.614523423,0.295912855
12592,0.106654165,0.51814252,0.203353934,0.17184938
12593,0.342797359,0.386841451,0.109501594,0.160859596
12594,0.345032658,0.239671864,0.109849963,0.305445515
12595,0.045795144,0.726854297,0.055669737,0.171680822
12596,0.019619278,0.762462661,0.061637039,0.156281022
12597,0.083556344,0.23275367,0.169694374,0.513995612
12598,0.050956855,0.099305086,0.205368188,0.644369871
12599,0.200348114,0.103388358,0.463274455,0.232989073
12600,0.13406082,0.404531232,0.20936377,0.252044179
12601,0.369214772,0.198495409,0.288611731,0.143678088
12602,0.167361504,0.472341244,0.083236954,0.277060298
12603,0.021165829,0.621725971,0.074147687,0.282960512
12604,0.08238466,0.590135262,0.097154422,0.230325656
12605,0.558165954,0.035670706,0.172765437,0.233397902
12606,0.43329161,0.158178915,0.1147962,0.293733276
12607,0.080538586,0.178099341,0.548105068,0.193257005
12608,0.52429619,0.060702777,0.11278229,0.302218743
12609,0.107489933,0.075743169,0.327580479,0.489186418
12610,0.094201988,0.308302588,0.414953029,0.182542395
12611,0.068979782,0.163261691,0.413881006,0.353877522
12612,0.326252729,0.168449964,0.062785486,0.442511822
12613,0.143012997,0.294299391,0.071681298,0.491006314
12614,0.105833505,0.606323551,0.065181948,0.222660996
12615,0.190232735,0.354649011,0.274284483,0.180833771
12616,0.059711674,0.373800272,0.177200001,0.389288052
12617,0.472318145,0.198259178,0.09623916,0.233183516
12618,0.134216017,0.11575514,0.432319019,0.317709823
12619,0.570060675,0.112628327,0.080781104,0.236529894
12620,0.035347594,0.518764232,0.110783906,0.335104268
12621,0.069207902,0.296270571,0.270384997,0.36413653
12622,0.370005082,0.111469827,0.144518592,0.374006499
12623,0.077480681,0.056567732,0.505317504,0.360634083
12624,0.377139589,0.122548574,0.203495261,0.296816576
12625,0.063071143,0.29173535,0.259196147,0.385997361
12626,0.094878387,0.105442554,0.376214671,0.423464388
12627,0.100329851,0.385516044,0.130530978,0.383623127
12628,0.110760806,0.45755479,0.069280633,0.36240377
12629,0.103456136,0.030683299,0.64312301,0.222737555
12630,0.283194973,0.102980624,0.133658169,0.480166234
12631,0.3469857,0.175218106,0.226114991,0.251681203
12632,0.319064282,0.15225133,0.232392598,0.29629179
12633,0.039222697,0.610807739,0.035828019,0.314141544
12634,0.187066413,0.044343825,0.475055657,0.293534105
12635,0.072891749,0.094505035,0.359657188,0.472946028
12636,0.360882513,0.146476019,0.155461517,0.337179951
12637,0.136197175,0.060713937,0.204445597,0.598643291
12638,0.057373332,0.268895429,0.304405609,0.369325631
12639,0.163598174,0.410063615,0.101115222,0.32522299
12640,0.322179732,0.267264143,0.187756535,0.222799591
12641,0.037557021,0.281936551,0.430805696,0.249700732
12642,0.089639471,0.207511079,0.120610576,0.582238874
12643,0.35051906,0.129684752,0.181270132,0.338526056
12644,0.035950027,0.186050423,0.296996422,0.481003128
12645,0.439173496,0.178071452,0.168512806,0.214242246
12646,0.135587254,0.145691953,0.45324013,0.265480663
12647,0.064624792,0.367668357,0.300477859,0.267228991
12648,0.135750101,0.498341545,0.147747912,0.218160443
12649,0.106674423,0.520619193,0.077211125,0.295495259
12650,0.235519529,0.069744174,0.064109104,0.630627192
12651,0.095241006,0.116005927,0.37904937,0.409703697
12652,0.375763513,0.304574221,0.188737212,0.130925053
12653,0.071109801,0.059698568,0.374696013,0.494495618
12654,0.254265237,0.052349568,0.406030971,0.287354224
12655,0.243889227,0.220547335,0.088861724,0.446701713
12656,0.386979447,0.288587134,0.130110885,0.194322535
12657,0.027722231,0.675241255,0.046193073,0.250843441
12658,0.251615141,0.212427958,0.231135656,0.304821246
12659,0.085050334,0.210519733,0.09786316,0.606566773
12660,0.310367073,0.349751111,0.120551465,0.219330352
12661,0.175960894,0.327837076,0.061377708,0.434824322
12662,0.401188802,0.044559946,0.223445034,0.330806218
12663,0.158309864,0.291812493,0.058877618,0.491000025
12664,0.220390876,0.147134286,0.104010352,0.528464486
12665,0.433754221,0.0554361,0.24568027,0.265129409
12666,0.287034711,0.349880288,0.047628773,0.315456229
12667,0.281646804,0.383893466,0.043523971,0.290935759
12668,0.067076946,0.146318221,0.429699334,0.356905499
12669,0.103576956,0.309022984,0.112151457,0.475248603
12670,0.167829484,0.120077614,0.069677918,0.642414984
12671,0.091750621,0.107993216,0.254632188,0.545623975
12672,0.32534253,0.26859682,0.267209992,0.138850657
12673,0.115947419,0.139490603,0.182124525,0.562437453
12674,0.357909092,0.408696924,0.18703588,0.046358105
12675,0.415334152,0.385854961,0.075025966,0.123784921
12676,0.177566259,0.105726407,0.603914045,0.112793288
12677,0.201135084,0.181917184,0.36538344,0.251564292
12678,0.261664389,0.450218087,0.231880371,0.056237153
12679,0.083528553,0.299724603,0.531979339,0.084767505
12680,0.123092613,0.648151352,0.077306528,0.151449507
12681,0.324932207,0.178340914,0.159734318,0.336992561
12682,0.23597223,0.322779397,0.216007355,0.225241018
12683,0.544232822,0.074490325,0.17929522,0.201981634
12684,0.741033894,0.104797507,0.076166822,0.078001776
12685,0.541909276,0.081314611,0.205105105,0.171671009
12686,0.070581558,0.408685198,0.374965641,0.145767603
12687,0.678180331,0.07193905,0.09870677,0.151173849
12688,0.368451996,0.110266885,0.411054778,0.110226341
12689,0.213088676,0.106883667,0.525767158,0.154260499
12690,0.110268726,0.604477198,0.162195019,0.123059057
12691,0.322908447,0.433762052,0.111819918,0.131509583
12692,0.02753258,0.725944282,0.158310012,0.088213126
12693,0.291283232,0.527455773,0.079720129,0.101540866
12694,0.422223368,0.356258507,0.149633793,0.071884332
12695,0.480485079,0.121903569,0.340590393,0.05702096
12696,0.383866006,0.511734056,0.051516171,0.052883768
12697,0.114670366,0.134386755,0.591727933,0.159214946
12698,0.213827125,0.499613964,0.157043362,0.129515549
12699,0.152064479,0.487053058,0.277692539,0.083189924
12700,0.230749873,0.364895477,0.331618479,0.072736172
12701,0.68012608,0.148288538,0.059348745,0.112236638
12702,0.126113122,0.210029827,0.285964837,0.377892214
12703,0.080891997,0.679676045,0.12856167,0.110870288
12704,0.33621014,0.468190611,0.140433114,0.055166135
12705,0.05645946,0.752349431,0.08034929,0.110841819
12706,0.077806723,0.57856385,0.28811538,0.055514048
12707,0.167349053,0.629158007,0.05851143,0.14498151
12708,0.166558021,0.605815149,0.125869384,0.101757446
12709,0.129039146,0.488149138,0.277804226,0.10500749
12710,0.209214332,0.235927219,0.248797008,0.306061441
12711,0.28138655,0.247258448,0.151440904,0.319914098
12712,0.436859339,0.222106947,0.098913124,0.242120591
12713,0.057497014,0.519352934,0.188633444,0.234516609
12714,0.228882086,0.037817366,0.422337506,0.310963043
12715,0.098509038,0.45375962,0.091568653,0.356162689
12716,0.038291695,0.079816529,0.615622969,0.266268807
12717,0.577124694,0.053417482,0.067682141,0.301775682
12718,0.216401002,0.326808323,0.128553705,0.32823697
12719,0.46471854,0.209042818,0.037280418,0.288958225
12720,0.14858264,0.249748619,0.165524293,0.436144449
12721,0.167315093,0.112027701,0.391929049,0.328728157
12722,0.058718947,0.35317031,0.32937663,0.258734113
12723,0.48901564,0.041421247,0.227324647,0.242238467
12724,0.475099155,0.061723657,0.133866298,0.32931089
12725,0.036680188,0.638111287,0.102002486,0.223206039
12726,0.142267411,0.077867904,0.317235565,0.46262912
12727,0.155060073,0.049420955,0.456779321,0.338739651
12728,0.36896445,0.138806708,0.09871542,0.393513422
12729,0.333552166,0.143534333,0.156767658,0.366145843
12730,0.127747169,0.129114461,0.0784776,0.66466077
12731,0.556041456,0.210463508,0.075444653,0.158050382
12732,0.176816548,0.183946622,0.311655737,0.327581093
12733,0.262543596,0.450148635,0.190975574,0.096332195
12734,0.378367573,0.269948982,0.21094307,0.140740375
12735,0.057961264,0.053284835,0.6951164,0.193637501
12736,0.574327139,0.128949373,0.080245462,0.216478026
12737,0.084128436,0.083205885,0.546120793,0.286544886
12738,0.415585667,0.088130306,0.110630814,0.385653213
12739,0.096501397,0.321679205,0.339601721,0.242217677
12740,0.115731813,0.706840093,0.05392137,0.123506724
12741,0.525231358,0.189804068,0.043902845,0.241061729
12742,0.223152257,0.425516619,0.278578188,0.072752936
12743,0.543940791,0.050727287,0.24519733,0.160134592
12744,0.428088059,0.429516404,0.031689697,0.11070584
12745,0.43504087,0.147007578,0.157475934,0.260475617
12746,0.208891366,0.071725861,0.600478629,0.118904145
12747,0.409937668,0.060755247,0.383254975,0.146052111
12748,0.049570431,0.591600279,0.175020816,0.183808475
12749,0.336877312,0.24534168,0.065322106,0.352458901
12750,0.178385258,0.245288571,0.40979735,0.166528821
12751,0.175309529,0.203312045,0.05251697,0.568861456
12752,0.110026996,0.151575292,0.071273164,0.667124548
12753,0.107394305,0.321843839,0.055602194,0.515159662
12754,0.139168938,0.453851156,0.055318712,0.351661193
12755,0.029646564,0.07087222,0.511995472,0.387485745
12756,0.097224705,0.310817431,0.378158325,0.213799539
12757,0.473993657,0.183204747,0.085488595,0.257313001
12758,0.595075351,0.079675355,0.06382661,0.261422684
12759,0.077342952,0.13930804,0.053802338,0.729546671
12760,0.183693444,0.375529426,0.049481757,0.391295373
12761,0.070233636,0.228846989,0.311831386,0.389087989
12762,0.118279754,0.277595477,0.100385993,0.503738776
12763,0.461244294,0.048597172,0.234948798,0.255209735
12764,0.13500943,0.160529434,0.272467354,0.431993783
12765,0.348363878,0.218878392,0.103976487,0.328781243
12766,0.265938304,0.282957325,0.070943202,0.380161168
12767,0.280543195,0.06280656,0.156316471,0.500333774
12768,0.10957416,0.621539747,0.031235124,0.237650969
12769,0.192714209,0.489392999,0.047937405,0.269955387
12770,0.170841186,0.509614607,0.056285302,0.263258906
12771,0.352664469,0.259553669,0.245353196,0.142428666
12772,0.491539055,0.03644839,0.295422604,0.176589951
12773,0.587946956,0.083646056,0.067803763,0.260603226
12774,0.359629165,0.341266143,0.113772556,0.185332136
12775,0.281789673,0.429282692,0.049097537,0.239830098
12776,0.15063871,0.157614803,0.484538816,0.207207672
12777,0.558741245,0.123856377,0.117820112,0.199582266
12778,0.166689126,0.259917117,0.430217832,0.143175924
12779,0.110841897,0.278221236,0.335620798,0.275316069
12780,0.178739228,0.349870091,0.317425459,0.153965223
12781,0.339648828,0.036027156,0.290410068,0.333913948
12782,0.089096697,0.181935815,0.177538477,0.551429011
12783,0.097303516,0.254595807,0.352802713,0.295297965
12784,0.420467646,0.223193136,0.122849672,0.233489546
12785,0.075598089,0.657972397,0.032495466,0.233934048
12786,0.164327592,0.363333182,0.141619391,0.330719835
12787,0.334337519,0.098816647,0.335574565,0.231271269
12788,0.56180076,0.230516842,0.031063118,0.17661928
12789,0.05844983,0.344917349,0.421222844,0.175409977
12790,0.118634686,0.073732272,0.500341945,0.307291098
12791,0.150488715,0.134242125,0.131644516,0.583624643
12792,0.197751468,0.322829318,0.327437167,0.151982047
12793,0.069569706,0.092722642,0.57945819,0.258249461
12794,0.033055652,0.512345414,0.207701602,0.246897333
12795,0.218419163,0.036354482,0.592284337,0.152942018
12796,0.283141442,0.269815832,0.086083195,0.360959531
12797,0.158880651,0.311486393,0.44218353,0.087449426
12798,0.540370118,0.043430416,0.219051615,0.197147851
12799,0.213712464,0.441946419,0.079783127,0.26455799
12800,0.446453865,0.042328214,0.343917992,0.16729993
12801,0.454352698,0.203270777,0.226240087,0.116136438
12802,0.45938287,0.182018023,0.081468475,0.277130632
12803,0.466398353,0.030353394,0.305313045,0.197935208
12804,0.251638994,0.406192294,0.087853412,0.2543153
12805,0.087744395,0.151922912,0.455566585,0.304766107
12806,0.468442963,0.228841453,0.093643649,0.209071935
12807,0.081579862,0.055069225,0.583271982,0.280078931
12808,0.077503543,0.527713284,0.073350114,0.32143306
12809,0.19985784,0.059944734,0.590094245,0.150103181
12810,0.175312026,0.315360266,0.085259215,0.424068493
12811,0.054424417,0.330870094,0.49151844,0.123187048
12812,0.102134748,0.431101603,0.217195411,0.249568237
12813,0.108738663,0.075784875,0.546322968,0.269153495
12814,0.091017114,0.348905248,0.317909346,0.242168293
12815,0.042471835,0.698476731,0.133871069,0.125180365
12816,0.130123039,0.102402821,0.224690769,0.542783371
12817,0.068336935,0.186442377,0.635105844,0.110114844
12818,0.449823294,0.332719479,0.078462993,0.138994235
12819,0.019433195,0.398317703,0.490158908,0.092090194
12820,0.19712154,0.154767991,0.326301691,0.321808778
12821,0.242727306,0.119505998,0.454471299,0.183295397
12822,0.055043987,0.244983418,0.58741463,0.112557964
12823,0.322293447,0.347038543,0.091798237,0.238869773
12824,0.304535896,0.059230246,0.308123637,0.328110221
12825,0.109074741,0.146479062,0.612624775,0.131821421
12826,0.326531177,0.103881833,0.155448659,0.414138331
12827,0.088459827,0.055037802,0.562988434,0.293513937
12828,0.36830939,0.456489108,0.02160864,0.153592862
12829,0.345295603,0.138250535,0.294200812,0.22225305
12830,0.093339517,0.083283955,0.416844749,0.406531779
12831,0.065270659,0.475179766,0.186769632,0.272779944
12832,0.404324839,0.084272237,0.07253789,0.438865034
12833,0.068907919,0.496861222,0.244439924,0.189790936
12834,0.123437457,0.377168022,0.15653526,0.342859261
12835,0.479749348,0.112818915,0.133212827,0.27421891
12836,0.087510911,0.18632325,0.213328656,0.512837183
12837,0.114431828,0.160485348,0.309875011,0.415207813
12838,0.347372897,0.408165245,0.06705094,0.177410918
12839,0.098411666,0.560995121,0.051920469,0.288672744
12840,0.117600478,0.355150191,0.133504123,0.393745208
12841,0.131772291,0.233556213,0.092665618,0.542005878
12842,0.451031697,0.101384138,0.145709067,0.301875099
12843,0.043750306,0.338416339,0.376778273,0.241055082
12844,0.420937666,0.135980632,0.245313527,0.197768175
12845,0.255714829,0.102309753,0.181767071,0.460208347
12846,0.053978356,0.374432641,0.245058239,0.326530764
12847,0.052802782,0.292374092,0.179784455,0.475038671
12848,0.54044145,0.086951745,0.229244482,0.143362323
12849,0.179101634,0.395842726,0.267462203,0.157593437
12850,0.586689004,0.048825943,0.053823665,0.310661388
12851,0.16390544,0.399257232,0.226533706,0.210303622
12852,0.584698013,0.078804527,0.184886971,0.151610489
12853,0.167357041,0.037239235,0.528440717,0.266963006
12854,0.442361765,0.072443026,0.27918898,0.206006229
12855,0.31847096,0.086794911,0.219740805,0.374993323
12856,0.117465041,0.090459097,0.084985548,0.707090314
12857,0.488913881,0.081412912,0.132403113,0.297270094
12858,0.030511544,0.069729921,0.665399237,0.234359298
12859,0.064032734,0.41507173,0.330810295,0.190085241
12860,0.08067859,0.159249379,0.070609527,0.689462504
12861,0.03128012,0.08666423,0.575551087,0.306504563
12862,0.19015809,0.132414152,0.243704347,0.433723411
12863,0.033064978,0.164230619,0.548836014,0.253868389
12864,0.125194532,0.168865723,0.467495713,0.238444031
12865,0.14904759,0.5370198,0.042767588,0.271165021
12866,0.096964593,0.11116592,0.10422306,0.687646427
12867,0.052512858,0.352369139,0.243122342,0.35199566
12868,0.199694277,0.357776446,0.048459318,0.39406996
12869,0.127083607,0.052274542,0.500469085,0.320172765
12870,0.07571375,0.515431819,0.052050574,0.356803858
12871,0.140710495,0.338171578,0.209718527,0.3113994
12872,0.161318204,0.306060102,0.105174008,0.427447687
12873,0.202275091,0.297796596,0.179355568,0.320572746
12874,0.070125285,0.150030397,0.479800117,0.300044202
12875,0.031806185,0.58778724,0.095655827,0.284750748
12876,0.08862094,0.376207607,0.109298448,0.425873005
12877,0.411305037,0.287282238,0.071257245,0.23015548
12878,0.107040357,0.075225508,0.264900706,0.552833428
12879,0.147383265,0.477120915,0.187348682,0.188147137
12880,0.06174427,0.396141058,0.077618018,0.464496654
12881,0.070812329,0.367227372,0.255526475,0.306433824
12882,0.088812544,0.326927706,0.08359804,0.50066171
12883,0.087566922,0.114043067,0.518187361,0.28020265
12884,0.370052102,0.165868362,0.25319725,0.210882286
12885,0.169148975,0.173142824,0.077687331,0.580020869
12886,0.237664859,0.379052548,0.144527921,0.238754672
12887,0.242788536,0.070621113,0.427508606,0.259081745
12888,0.075020673,0.407815575,0.280692534,0.236471218
12889,0.21845434,0.406173202,0.154343952,0.221028507
12890,0.199568799,0.209724287,0.068289819,0.522417096
12891,0.065932854,0.456126543,0.26239272,0.215547884
12892,0.082286563,0.414555882,0.230416295,0.272741261
12893,0.127090709,0.161681221,0.078087893,0.633140177
12894,0.225263169,0.085813019,0.123278426,0.565645386
12895,0.136329421,0.375637095,0.143713839,0.344319645
12896,0.476460127,0.211827595,0.044292414,0.267419864
12897,0.249607287,0.294280672,0.16328587,0.292826172
12898,0.059795814,0.054664828,0.492818488,0.392720871
12899,0.22583321,0.446042051,0.065275782,0.262848957
12900,0.546526467,0.133879026,0.160509468,0.159085039
12901,0.42224147,0.061035207,0.14904436,0.367678963
12902,0.149139924,0.216873967,0.178111194,0.455874915
12903,0.132676927,0.243121787,0.151588596,0.47261269
12904,0.062672519,0.088562926,0.346458737,0.502305817
12905,0.285582765,0.239971895,0.128176327,0.346269014
12906,0.15481595,0.209892571,0.091137934,0.544153545
12907,0.095570496,0.165242465,0.118389539,0.6207975
12908,0.096959704,0.277503491,0.06954043,0.555996375
12909,0.266097943,0.146769208,0.070953505,0.516179345
12910,0.330732537,0.377514969,0.031670068,0.260082425
12911,0.117002106,0.115629236,0.385079063,0.382289595
12912,0.339277423,0.20010926,0.039579689,0.421033628
12913,0.061404612,0.584180265,0.105477476,0.248937647
12914,0.125480184,0.076443167,0.444608109,0.35346854
12915,0.035719589,0.485347216,0.099663312,0.379269884
12916,0.335081222,0.097546646,0.066264367,0.501107766
12917,0.368610511,0.436440156,0.031930667,0.163018666
12918,0.194937338,0.083557068,0.459002982,0.262502611
12919,0.052827185,0.427558638,0.035290145,0.484324032
12920,0.123473304,0.518523409,0.040795909,0.317207377
12921,0.432561849,0.072583576,0.126438375,0.3684162
12922,0.065379085,0.090768018,0.150643962,0.693208935
12923,0.37958433,0.051351172,0.211551418,0.35751308
12924,0.583806325,0.160718891,0.04342111,0.212053674
12925,0.25656557,0.16500265,0.2232315,0.355200279
12926,0.304091005,0.178506685,0.102789648,0.414612662
12927,0.062511386,0.419971579,0.309498266,0.208018769
12928,0.042891167,0.207063361,0.257826835,0.492218637
12929,0.02610512,0.403929385,0.272528689,0.297436806
12930,0.470754163,0.062101886,0.060215345,0.406928606
12931,0.044745563,0.120634229,0.143899495,0.690720713
12932,0.356953666,0.113548442,0.128326749,0.401171143
12933,0.116159627,0.182875498,0.157335086,0.54362979
12934,0.062392668,0.611684672,0.065817455,0.260105205
12935,0.06348503,0.425131799,0.053959218,0.457423953
12936,0.044448957,0.636940864,0.088011542,0.230598636
12937,0.240948422,0.303619441,0.142009299,0.313422838
12938,0.030330897,0.406117043,0.349392131,0.214159928
12939,0.480530046,0.100980674,0.155753975,0.262735306
12940,0.054576986,0.286168676,0.219734671,0.439519667
12941,0.039595088,0.623273764,0.03601842,0.301112728
12942,0.124914004,0.108201379,0.494038126,0.272846491
12943,0.048543201,0.332620302,0.198583526,0.420252971
12944,0.279501235,0.253691334,0.142086249,0.324721182
12945,0.063974889,0.432780152,0.22672635,0.27651861
12946,0.043562447,0.483544004,0.179161113,0.293732435
12947,0.26453525,0.183698345,0.166977752,0.384788653
12948,0.191982745,0.204188628,0.085651239,0.518177388
12949,0.122712109,0.485399169,0.084289306,0.307599416
12950,0.068371895,0.343191406,0.400729776,0.187706923
12951,0.035232494,0.246351495,0.468478877,0.249937134
12952,0.394488989,0.101367514,0.048731267,0.45541223
12953,0.326017156,0.112214377,0.259161995,0.302606471
12954,0.21638721,0.218766666,0.148980948,0.415865177
12955,0.103355084,0.4507848,0.08075812,0.365101997
12956,0.391880062,0.069529736,0.324718035,0.213872168
12957,0.108315589,0.467615941,0.292330967,0.131737502
12958,0.183358121,0.363256258,0.073353606,0.380032015
12959,0.076198039,0.627560115,0.116999717,0.179242129
12960,0.566971539,0.279806793,0.018328765,0.134892903
12961,0.15708211,0.369319558,0.142618991,0.330979341
12962,0.167208016,0.188223901,0.417689201,0.226878883
12963,0.320089347,0.098536964,0.17175774,0.409615949
12964,0.44673127,0.07962853,0.115580049,0.35806015
12965,0.119317317,0.053683943,0.576084962,0.250913778
12966,0.308554411,0.477396256,0.030253861,0.183795472
12967,0.15196621,0.142660821,0.138957526,0.566415444
12968,0.27113702,0.124760617,0.332056744,0.27204562
12969,0.314632607,0.448129107,0.038368652,0.198869633
12970,0.312855161,0.243146087,0.05746445,0.386534302
12971,0.23587608,0.259566679,0.096999801,0.40755744
12972,0.442685323,0.326721796,0.028758265,0.201834616
12973,0.4905814,0.174749228,0.155614626,0.179054746
12974,0.116865843,0.477964175,0.213694076,0.191475906
12975,0.306232317,0.084751157,0.241845754,0.367170772
12976,0.417577665,0.060862792,0.32788738,0.193672163
12977,0.654776756,0.056622845,0.047273421,0.241326977
12978,0.41285691,0.240307737,0.085472983,0.261362371
12979,0.052632335,0.544274032,0.157885792,0.245207841
12980,0.225825152,0.042716874,0.381010698,0.350447276
12981,0.088863694,0.468621068,0.07552872,0.366986518
12982,0.038418079,0.091679358,0.564758628,0.305143936
12983,0.552345115,0.058529114,0.059228667,0.329897103
12984,0.199813852,0.345467432,0.108534531,0.346184185
12985,0.43505434,0.224045608,0.031911799,0.308988254
12986,0.13706474,0.263759704,0.139616397,0.459559159
12987,0.162533861,0.124589613,0.348123384,0.364753142
12988,0.055408429,0.381530657,0.284189068,0.278871846
12989,0.47896454,0.046446336,0.203584236,0.271004888
12990,0.45493903,0.067665651,0.117207986,0.360187333
12991,0.032884057,0.65493462,0.083614502,0.228566821
12992,0.135504344,0.084909044,0.276278234,0.503308378
12993,0.152585364,0.055676472,0.41099481,0.380743354
12994,0.345594961,0.148847317,0.084544408,0.421013314
12995,0.314837673,0.155105215,0.135299568,0.394757544
12996,0.11544996,0.133587268,0.06484929,0.686113481
12997,0.237704004,0.130312383,0.118848251,0.513135363
12998,0.046265991,0.585746983,0.275496545,0.09249048
12999,0.215948405,0.1601869,0.35963518,0.264229515
13000,0.031740301,0.598889303,0.200848044,0.168522352
13001,0.398943639,0.113257314,0.349699965,0.138099083
13002,0.561571534,0.186275987,0.086804835,0.165347644
13003,0.217932894,0.213377018,0.417184489,0.151505599
13004,0.181787642,0.620846326,0.052721416,0.144644616
13005,0.076796855,0.602803006,0.092372392,0.228027747
13006,0.622570913,0.135136314,0.110156379,0.132136394
13007,0.050831158,0.374440072,0.417705885,0.157022885
13008,0.17275425,0.183723274,0.163150612,0.480371864
13009,0.196765298,0.495547649,0.089348106,0.218338947
13010,0.056868945,0.074565724,0.591156432,0.2774089
13011,0.094645057,0.348044678,0.420626814,0.136683451
13012,0.344810956,0.376643653,0.152052516,0.126492875
13013,0.30615286,0.126116881,0.076516868,0.491213391
13014,0.344841813,0.214748792,0.221954273,0.218455122
13015,0.33742555,0.296541813,0.051315905,0.314716732
13016,0.058801171,0.261534098,0.436418613,0.243246118
13017,0.425909385,0.225864329,0.100334074,0.247892212
13018,0.100448774,0.369098654,0.067439353,0.463013219
13019,0.31994477,0.148470545,0.314607084,0.216977602
13020,0.071448495,0.1233359,0.168103182,0.637112424
13021,0.12347602,0.149222223,0.18169227,0.545609487
13022,0.127968339,0.537531632,0.061326685,0.273173345
13023,0.029977492,0.279019157,0.524168123,0.166835228
13024,0.031495772,0.040196198,0.666821994,0.261486037
13025,0.303182317,0.273627297,0.054989328,0.368201058
13026,0.162573937,0.07959227,0.415010542,0.34282325
13027,0.211339856,0.23920858,0.37210973,0.177341834
13028,0.288616524,0.053649109,0.473782749,0.183951618
13029,0.077968243,0.301139804,0.408107003,0.21278495
13030,0.16306037,0.18698111,0.068754738,0.581203783
13031,0.084763272,0.176473831,0.38333786,0.355425036
13032,0.051332922,0.27313429,0.377211122,0.298321666
13033,0.209092157,0.069685812,0.20932888,0.511893151
13034,0.302163905,0.069279998,0.440970793,0.187585304
13035,0.07989417,0.140928659,0.124266426,0.654910745
13036,0.106932479,0.080860071,0.167685827,0.644521624
13037,0.029556513,0.26847978,0.444147911,0.257815796
13038,0.049841614,0.502215274,0.107063577,0.340879534
13039,0.04797286,0.17736159,0.430617207,0.344048342
13040,0.289549863,0.072812071,0.307275123,0.330362943
13041,0.27533846,0.24696534,0.258516098,0.219180101
13042,0.063703292,0.082779078,0.344721706,0.508795923
13043,0.05673575,0.523486977,0.091799087,0.327978186
13044,0.083917373,0.462101167,0.142312327,0.311669133
13045,0.055233932,0.079592317,0.130318606,0.734855146
13046,0.47810698,0.04947337,0.119661176,0.352758474
13047,0.553357653,0.116745008,0.040457473,0.289439867
13048,0.540310644,0.161120333,0.063354233,0.235214789
13049,0.042760334,0.430889583,0.161496686,0.364853397
13050,0.038555635,0.137597235,0.398565028,0.425282101
13051,0.379655195,0.038062234,0.146994037,0.435288535
13052,0.18689259,0.557810403,0.037766081,0.217530926
13053,0.04991772,0.173165947,0.157402398,0.619513935
13054,0.333632677,0.056181229,0.329436685,0.280749409
13055,0.413312863,0.090046206,0.058768146,0.437872784
13056,0.174228265,0.158723306,0.056967828,0.6100806
13057,0.518225375,0.039254338,0.044414402,0.398105885
13058,0.111908997,0.369713999,0.095895679,0.422481324
13059,0.101611268,0.09020661,0.260948418,0.547233705
13060,0.264622578,0.107507129,0.084087511,0.543782781
13061,0.168524608,0.247988055,0.137021873,0.446465465
13062,0.283311242,0.040987146,0.344015512,0.331686099
13063,0.221058356,0.041400584,0.28254661,0.45499445
13064,0.241516599,0.101245524,0.176295064,0.480942813
13065,0.275162318,0.366105463,0.108805581,0.249926638
13066,0.308136731,0.082843478,0.303237362,0.305782429
13067,0.101735059,0.42423709,0.052640688,0.421387163
13068,0.289264081,0.134543576,0.1534044,0.422787944
13069,0.488330839,0.093867333,0.150900843,0.266900985
13070,0.049230884,0.647114022,0.020698916,0.282956179
13071,0.190647971,0.089256447,0.271315698,0.448779884
13072,0.046779908,0.049775555,0.338849295,0.564595242
13073,0.137397137,0.444928678,0.061682529,0.355991657
13074,0.208457842,0.243522507,0.091176091,0.45684356
13075,0.028020318,0.625296777,0.134589315,0.212093591
13076,0.373209114,0.159629704,0.271549384,0.195611797
13077,0.116876095,0.058810627,0.477785306,0.346527972
13078,0.04176069,0.482847541,0.184252432,0.291139337
13079,0.100062823,0.13605222,0.466816418,0.29706854
13080,0.327734929,0.231339558,0.124115571,0.316809943
13081,0.030193348,0.369558737,0.211928976,0.388318938
13082,0.537073244,0.070930619,0.091933327,0.300062809
13083,0.046255376,0.445586923,0.305074136,0.203083565
13084,0.058405011,0.677263276,0.049665541,0.214666172
13085,0.104871874,0.116842138,0.391389619,0.386896368
13086,0.095460974,0.647951842,0.041298993,0.215288191
13087,0.441675155,0.205465862,0.036607718,0.316251265
13088,0.039955575,0.117339402,0.567153319,0.275551704
13089,0.215166022,0.388903688,0.170678396,0.225251894
13090,0.092615046,0.14291001,0.100395258,0.664079687
13091,0.025640978,0.413903085,0.427350397,0.133105539
13092,0.067183831,0.266099523,0.459318752,0.207397894
13093,0.511651636,0.096688044,0.082685129,0.308975192
13094,0.204074745,0.127289746,0.245364775,0.423270734
13095,0.059746118,0.318392853,0.213412874,0.408448155
13096,0.252612461,0.394373749,0.189027793,0.163985997
