No,Ch1,Ch2,Ch3,Ch412351,0.135089716,0.440725005,0.184774843,0.23941043512352,0.081619851,0.264874678,0.49833131,0.15517416112353,0.382091181,0.228678988,0.238595308,0.15063452312354,0.23434683,0.272972001,0.068781535,0.42389963512355,0.078294591,0.154168637,0.495026171,0.27251060112356,0.265257017,0.112203337,0.458263812,0.16427583412357,0.570902271,0.069445198,0.072125265,0.28752726712358,0.170861736,0.176788485,0.39145862,0.26089115912359,0.378010271,0.180464046,0.165127822,0.27639786112360,0.443630434,0.10879334,0.181332749,0.26624347812361,0.16210581,0.24126347,0.129497247,0.46713347312362,0.214653786,0.296193483,0.198791514,0.29036121712363,0.470716229,0.213488163,0.092173208,0.223622412364,0.137809489,0.45392236,0.120705344,0.28756280712365,0.088708929,0.441091391,0.111997172,0.35820250812366,0.109100132,0.404149425,0.264925165,0.22182527812367,0.180810428,0.117808633,0.342249778,0.3591311612368,0.493837496,0.115503063,0.067441953,0.32321748812369,0.16290451,0.051077407,0.516752085,0.26926599812370,0.336305122,0.121223251,0.247452141,0.29501948712371,0.129604013,0.10506149,0.410885802,0.35444869512372,0.196388464,0.130665165,0.212502378,0.46044399312373,0.211394404,0.126883958,0.437386814,0.22433482412374,0.157873572,0.083270592,0.323423466,0.4354323712375,0.139379044,0.260868874,0.420212861,0.17953922112376,0.065029914,0.463308612,0.117220985,0.35444048912377,0.131933188,0.257833426,0.117195495,0.49303789112378,0.11926934,0.055799991,0.520932874,0.30399779612379,0.206754333,0.445173772,0.10603197,0.24203992612380,0.273074129,0.393068083,0.080597452,0.25326033612381,0.086775931,0.237168827,0.406053146,0.27000209712382,0.090188413,0.351612551,0.248103959,0.31009507712383,0.113737512,0.471898901,0.13073832,0.28362526712384,0.140349095,0.186655063,0.238393042,0.43460279912385,0.101326857,0.267293865,0.40854073,0.22283854812386,0.372554401,0.282963973,0.069352808,0.27512881712387,0.061248056,0.379666474,0.254588936,0.30449653312388,0.455664871,0.145136902,0.237791342,0.16140688512389,0.167455501,0.361397446,0.298047139,0.17309991412390,0.161394102,0.117664443,0.105635733,0.61530572212391,0.082775314,0.107743281,0.465304087,0.34417731912392,0.291115964,0.167037164,0.193588378,0.34825849412393,0.159371294,0.283381583,0.107485506,0.44976161612394,0.20704494,0.099879094,0.271233333,0.42184263312395,0.096312463,0.14348029,0.432123416,0.32808383112396,0.064407868,0.242546148,0.339136315,0.35390966912397,0.444341182,0.056240005,0.253964873,0.2454539412398,0.188922556,0.210287993,0.316984259,0.28380519312399,0.25100163,0.438970739,0.053552189,0.25647544212400,0.160823109,0.098748807,0.256183101,0.48424498312401,0.120318747,0.170075749,0.114136965,0.5954685412402,0.133081011,0.119906804,0.332215131,0.41479705412403,0.198968539,0.107112891,0.257173407,0.43674516312404,0.111278612,0.084891468,0.357122756,0.44670716412405,0.165930683,0.317359818,0.251632345,0.26507715412406,0.329240138,0.308010593,0.125329702,0.23741956812407,0.304691536,0.078359161,0.423325872,0.19362343112408,0.348002045,0.21522847,0.211452421,0.22531706412409,0.416983969,0.328258212,0.062685138,0.19207268112410,0.155269656,0.423435125,0.077655128,0.3436400912411,0.475064636,0.07769758,0.219926062,0.22731172212412,0.088556445,0.251249504,0.375140768,0.28505328312413,0.10208833,0.277800415,0.47398095,0.14613030512414,0.269112561,0.12714686,0.257177395,0.34656318412415,0.470021107,0.134749773,0.131195012,0.26403410812416,0.603066046,0.068900968,0.087398484,0.24063450212417,0.199625934,0.119429812,0.134262103,0.5466821512418,0.275477256,0.427874765,0.054424175,0.24222380412419,0.215115636,0.139147622,0.110276834,0.53545990812420,0.222531648,0.159462492,0.294312789,0.32369307112421,0.395678683,0.279297926,0.104053897,0.22096949412422,0.294030846,0.263743344,0.259175539,0.18305027212423,0.245307152,0.271348963,0.128910875,0.3544330112424,0.177850364,0.443561195,0.058208413,0.32038002812425,0.341654455,0.13610028,0.217538022,0.30470724412426,0.2242073,0.122021898,0.342541492,0.31122931112427,0.380561043,0.117341791,0.093435749,0.40866141712428,0.123039152,0.099478237,0.142076894,0.63540571812429,0.313207832,0.167919503,0.249700581,0.26917208412430,0.100883913,0.287672987,0.326863907,0.28457919312431,0.100829349,0.274552837,0.245859119,0.37875869512432,0.075384009,0.379511362,0.116510611,0.42859401812433,0.121514798,0.176579395,0.217504905,0.48440090112434,0.250017533,0.165102233,0.414984574,0.1698956612435,0.216522039,0.174537392,0.348778769,0.260161812436,0.470226222,0.089767246,0.142692512,0.29731401912437,0.11362711,0.49182358,0.080954337,0.31359497312438,0.079555097,0.323145716,0.207333519,0.38996566812439,0.123682726,0.38990958,0.119696552,0.36671114212440,0.26441534,0.294414097,0.12347217,0.31769839412441,0.330722376,0.226019865,0.125854919,0.3174028412442,0.104462554,0.461302773,0.136986238,0.29724843412443,0.118827406,0.300612456,0.197933863,0.38262627412444,0.306366415,0.11183938,0.208776696,0.37301750812445,0.121762729,0.120477485,0.374132007,0.3836277812446,0.472599797,0.07981136,0.11965778,0.32793106312447,0.109333026,0.454576745,0.070550871,0.36553935812448,0.284544161,0.101390874,0.134690684,0.47937428112449,0.131820185,0.055237446,0.573292429,0.23964993912450,0.331895723,0.31126291,0.223549269,0.13329209812451,0.055162264,0.273035249,0.385354817,0.2864476712452,0.294650872,0.215502238,0.304160006,0.18568688412453,0.129359808,0.264160031,0.271849807,0.33463035412454,0.385190534,0.04939133,0.287662079,0.27775605712455,0.185338171,0.428498269,0.128912053,0.25725150712456,0.138883408,0.414826511,0.134872929,0.31141715212457,0.313689593,0.077243614,0.309311134,0.29975565912458,0.183505195,0.39502724,0.18501981,0.23644775512459,0.150289478,0.196942946,0.179790565,0.47297701112460,0.042173587,0.378387306,0.328207036,0.25123207112461,0.263071067,0.369140253,0.11574674,0.2520419412462,0.556207333,0.074618992,0.136196721,0.23297695412463,0.128096063,0.164955362,0.338887643,0.36806093312464,0.15347627,0.21148551,0.467168564,0.16786965512465,0.185602933,0.142614039,0.276174116,0.39560891212466,0.499571846,0.146515899,0.083061075,0.27085118112467,0.111228121,0.341714238,0.187496454,0.35956118712468,0.18268179,0.444280793,0.097092863,0.27594455312469,0.052224892,0.37815651,0.289976807,0.27964179112470,0.193106296,0.142696337,0.427654745,0.23654262112471,0.196946076,0.057599383,0.459575036,0.28587950512472,0.342466393,0.170199902,0.119308782,0.36802492212473,0.407889005,0.172819141,0.114761227,0.30453062712474,0.408009843,0.090381345,0.076464035,0.42514477712475,0.485853165,0.045955879,0.102971934,0.36521902112476,0.083313079,0.108468765,0.617797524,0.19042063212477,0.411418372,0.106351539,0.279202629,0.2030274612478,0.290714457,0.208115761,0.22044209,0.28072769212479,0.104910834,0.136088207,0.444064838,0.31493612112480,0.208456951,0.456028458,0.084060293,0.25145429812481,0.166291041,0.273907592,0.29634355,0.26345781712482,0.132269552,0.126546163,0.545795703,0.19538858212483,0.234190662,0.096601648,0.152705018,0.51650267212484,0.202348791,0.150287519,0.175880821,0.47148286912485,0.229845523,0.198968591,0.227785089,0.34340079712486,0.327433528,0.207804632,0.223207481,0.2415543612487,0.179269224,0.361494286,0.18887802,0.2703584712488,0.070408426,0.093464597,0.491507489,0.34461948712489,0.057934005,0.326914716,0.23484081,0.38031046912490,0.269834716,0.064728549,0.412899586,0.25253714812491,0.206615521,0.178043893,0.37851984,0.23682074612492,0.055623012,0.196061603,0.528014483,0.22030090312493,0.321330564,0.178103864,0.218734281,0.28183129112494,0.169904411,0.055750541,0.426887953,0.34745709512495,0.373430049,0.080108091,0.172214709,0.37424715112496,0.388707053,0.145243283,0.150125187,0.31592447712497,0.095996553,0.371853844,0.140335401,0.39181420212498,0.179094005,0.151826461,0.42750809,0.24157144412499,0.275723444,0.093393092,0.280816293,0.35006717112500,0.149355093,0.148168692,0.136326425,0.5661497912501,0.068450572,0.24673733,0.472524516,0.21228758212502,0.100405372,0.360076103,0.230946147,0.30857237812503,0.384834301,0.334347118,0.045438669,0.23537991212504,0.071182376,0.42475397,0.146553344,0.3575103112505,0.227466181,0.377823045,0.089514682,0.30519609212506,0.2682428,0.367510467,0.096228723,0.2680180112507,0.166055543,0.109564926,0.355120565,0.36925896612508,0.10606296,0.114251435,0.451137276,0.32854832912509,0.152397357,0.223457029,0.243937104,0.3802085112510,0.061809396,0.420332153,0.287077218,0.23078123312511,0.153726828,0.17304031,0.228463914,0.44476894812512,0.382133944,0.27862487,0.085639959,0.25360122712513,0.198026101,0.447230021,0.155769429,0.19897444912514,0.216700327,0.357465843,0.080616593,0.34521723612515,0.263878155,0.32131846,0.125013867,0.28978951912516,0.250887221,0.127070098,0.295625085,0.32641759612517,0.107951467,0.130447,0.32037156,0.44122997312518,0.093817531,0.23998461,0.30376579,0.36243206812519,0.361629122,0.081537156,0.342371713,0.21446200912520,0.268544363,0.136384309,0.292073049,0.3029982812521,0.507558185,0.090697044,0.115805693,0.28593907812522,0.282195404,0.237979622,0.278997322,0.20082765212523,0.062599107,0.378643992,0.361721917,0.19703498512524,0.377724475,0.05557308,0.308065197,0.25863724812525,0.404334183,0.14034619,0.227545477,0.22777414912526,0.18243932,0.152046776,0.184448644,0.48106525912527,0.310821531,0.309434988,0.088279038,0.29146444312528,0.374378121,0.113893428,0.186973631,0.32475482112529,0.226612735,0.184530715,0.119234435,0.46962211512530,0.346224315,0.323368156,0.108375381,0.22203214712531,0.111574819,0.276884759,0.102832472,0.50870794912532,0.296490129,0.118818051,0.27812072,0.306571112533,0.379684325,0.123592477,0.269017757,0.22770544112534,0.213466212,0.164357767,0.364673868,0.25750215312535,0.45624557,0.171016424,0.102195127,0.27054287912536,0.123246558,0.060576321,0.496367357,0.31980976312537,0.130874278,0.333535454,0.183920368,0.351669912538,0.49547897,0.097933975,0.112526562,0.29406049412539,0.2008815,0.403815427,0.175685533,0.2196175412540,0.164992092,0.234840722,0.255905295,0.34426189212541,0.254442189,0.288637932,0.296303766,0.16061611312542,0.106215009,0.289575142,0.197455748,0.40675410212543,0.417019161,0.17916684,0.094753788,0.30906021112544,0.484266925,0.087650934,0.160590422,0.26749171912545,0.329910034,0.190653418,0.182199813,0.29723673512546,0.242552991,0.280514127,0.144065327,0.33286755612547,0.367214985,0.108615208,0.093313192,0.43085661512548,0.363381879,0.295384489,0.074440323,0.26679330912549,0.359210797,0.067170935,0.212374032,0.36124423512550,0.281911989,0.17347852,0.277460215,0.26714927612551,0.083530397,0.459028522,0.243317307,0.21412377412552,0.209673944,0.416596926,0.097821159,0.2759079712553,0.540395273,0.059030794,0.101332507,0.29924142712554,0.050876373,0.499531359,0.111824703,0.33776756512555,0.260998589,0.106526986,0.414154338,0.21832008712556,0.258294792,0.113312376,0.303919881,0.32447295112557,0.220316769,0.110562699,0.302037941,0.36708259212558,0.107591229,0.526357345,0.110672215,0.2553792112559,0.109562122,0.077382502,0.467348198,0.34570717812560,0.187431996,0.098414539,0.127221901,0.58693156412561,0.206429363,0.411577674,0.091752124,0.29024083912562,0.067569518,0.24002617,0.433739585,0.25866472812563,0.135854063,0.087772186,0.475486623,0.30088712812564,0.318535037,0.245772911,0.119748458,0.31594359512565,0.191736189,0.336748963,0.215540083,0.25597476512566,0.158710262,0.154331117,0.117133279,0.56982534112567,0.277115516,0.396504677,0.094636837,0.2317429712568,0.337201383,0.236529198,0.116337273,0.30993214512569,0.31999307,0.201140934,0.299248371,0.17961762512570,0.10887456,0.275671768,0.416537277,0.19891639512571,0.235296097,0.356996453,0.150668883,0.25703856712572,0.122606489,0.126074193,0.250885451,0.50043386712573,0.191313256,0.422169927,0.097906733,0.28861008412574,0.199300115,0.273556936,0.301063436,0.22607951312575,0.073501561,0.433885581,0.182300013,0.31031284512576,0.080973383,0.19539272,0.414989191,0.30864470612577,0.079929635,0.406283954,0.314230005,0.19955640612578,0.287057177,0.075354069,0.354515894,0.2830728612579,0.418080614,0.228854545,0.169333578,0.18373126312580,0.384943072,0.187287769,0.124354931,0.30341422912581,0.146766414,0.377161587,0.207427635,0.26864436312582,0.330727932,0.161077354,0.209986606,0.29820810812583,0.161409796,0.399353954,0.171810029,0.26742622212584,0.08752775,0.093137085,0.551446357,0.26788880912585,0.394365856,0.100085551,0.34313638,0.16241221312586,0.198310866,0.075953589,0.361486348,0.36424919612587,0.046062532,0.354741478,0.305633419,0.29356257112588,0.203103364,0.339121086,0.109663073,0.34811247812589,0.341595017,0.105572757,0.258407939,0.29442428612590,0.152461158,0.342167551,0.249739199,0.25563209212591,0.093846808,0.078235712,0.401358767,0.42655871212592,0.192368258,0.252055811,0.296463588,0.25911234312593,0.470072857,0.237078576,0.095913245,0.19693532212594,0.423963098,0.154309468,0.160695304,0.2610321312595,0.127152326,0.462462514,0.119470676,0.29091448412596,0.138021215,0.437047148,0.085921593,0.33901004312597,0.096903879,0.142081683,0.159795488,0.6012189512598,0.135536224,0.206565503,0.185412083,0.47248618912599,0.210354084,0.101350608,0.378633004,0.30966230412600,0.137981209,0.363660671,0.240997361,0.25736075912601,0.269198536,0.113195089,0.440204649,0.17740172612602,0.134028792,0.587969841,0.079323895,0.19867747212603,0.06799121,0.518542633,0.09861436,0.31485179612604,0.11435857,0.5280433,0.166318934,0.19127919512605,0.574509662,0.060736239,0.129749457,0.23500464212606,0.459968915,0.150374966,0.134799187,0.25485693312607,0.182727205,0.247373075,0.377521673,0.19237804712608,0.466134227,0.072194796,0.157858572,0.30381240512609,0.132108472,0.088584047,0.325774751,0.4535327312610,0.17269194,0.173074307,0.414972283,0.2392614712611,0.047442958,0.131934424,0.511846033,0.30877658512612,0.191668217,0.29282672,0.141843687,0.37366137612613,0.201190465,0.222023734,0.109096662,0.46768913912614,0.181127179,0.453775846,0.092366187,0.27273078812615,0.180583828,0.363900901,0.251354639,0.20416063212616,0.112735433,0.254743225,0.241596324,0.39092501912617,0.341059641,0.395950454,0.081929079,0.18106082612618,0.160900673,0.191628653,0.409592192,0.23787848212619,0.482737364,0.120104779,0.182002359,0.21515549812620,0.06597696,0.447628269,0.159658223,0.32673654812621,0.076643843,0.282575261,0.385004823,0.25577607312622,0.48191747,0.076200489,0.151512069,0.29036997212623,0.120194381,0.087403836,0.483112413,0.30928937112624,0.335289945,0.132421578,0.308182219,0.22410625912625,0.119893263,0.197708325,0.339640426,0.34275798612626,0.158154413,0.2347818,0.244247545,0.36281624112627,0.101513078,0.385745717,0.191703769,0.32103743712628,0.11822724,0.439326985,0.118375116,0.3240706612629,0.199260464,0.053998494,0.451072229,0.29566881412630,0.268020105,0.079780841,0.234103708,0.41809534612631,0.317163486,0.191459041,0.327180295,0.16419717712632,0.381363506,0.197588623,0.175703718,0.24534415312633,0.075934401,0.543070732,0.07840297,0.30259189712634,0.285942829,0.059679506,0.37639989,0.27797777512635,0.14667423,0.095564451,0.383926264,0.37383505512636,0.28668527,0.287048542,0.142817103,0.28344908412637,0.22983012,0.099472927,0.194281719,0.47641523412638,0.056594587,0.223962793,0.322968275,0.39647434512639,0.189255371,0.393316815,0.122146146,0.29528166812640,0.407906664,0.246921942,0.180111584,0.16505981112641,0.059648039,0.147431221,0.598960637,0.19396010312642,0.137224461,0.268285701,0.157585276,0.43690456112643,0.404699638,0.09763414,0.203444038,0.29422218412644,0.127209431,0.185318816,0.34557576,0.34189599212645,0.380548851,0.155374329,0.155929073,0.30814774812646,0.105088826,0.145982153,0.461146211,0.28778281112647,0.107282498,0.263372993,0.370047569,0.2592969412648,0.166925939,0.400835131,0.186491378,0.24574755112649,0.120103804,0.426966276,0.139932594,0.31299732612650,0.202748504,0.195154748,0.127304012,0.47479273512651,0.16827723,0.135315046,0.344907505,0.35150021912652,0.321913885,0.26214049,0.237499686,0.17844593912653,0.131824118,0.102083993,0.312969816,0.45312207312654,0.254145478,0.051115555,0.441671326,0.2530676412655,0.219009021,0.380128141,0.081840261,0.31902257712656,0.433394528,0.258969394,0.122596657,0.1850394212657,0.066485898,0.613597192,0.065960424,0.25395648612658,0.402668271,0.119739163,0.239036349,0.23855621712659,0.173935443,0.134142122,0.171117224,0.52080521112660,0.358663946,0.34041409,0.112446027,0.18847593712661,0.133197885,0.500430485,0.09879909,0.2675725412662,0.293441384,0.074339408,0.292804348,0.33941486112663,0.120303167,0.367240935,0.11606256,0.39639333912664,0.250768454,0.29020695,0.139496985,0.31952761112665,0.407657221,0.065815752,0.239012246,0.28751478112666,0.364170773,0.318558928,0.054395638,0.26287466212667,0.425357747,0.232679044,0.098194182,0.24376902712668,0.092351114,0.186976447,0.484353142,0.23631929712669,0.115365236,0.350520133,0.151885401,0.38222922912670,0.12848482,0.17620193,0.197514129,0.49779912112671,0.098730005,0.130602016,0.396037215,0.37463076412672,0.166473377,0.40525235,0.281443086,0.14683118712673,0.149295294,0.19407971,0.230585463,0.42603953212674,0.412110552,0.269492754,0.171683129,0.14671356512675,0.416778729,0.224178805,0.083906409,0.27513605812676,0.24302648,0.122804888,0.300302029,0.33386660312677,0.123132754,0.134997709,0.236860353,0.50500918312678,0.231925341,0.345649167,0.270371217,0.15205427512679,0.139035933,0.216061621,0.438129658,0.20677278812680,0.083076004,0.489358702,0.104417814,0.3231474812681,0.151243374,0.119480267,0.336042423,0.39323393612682,0.150469588,0.235692176,0.149506245,0.46433199112683,0.314989842,0.088848132,0.115362891,0.48079913512684,0.490875887,0.106579345,0.170843791,0.23170097812685,0.412730458,0.077503274,0.233073765,0.27669250312686,0.054134851,0.326899012,0.333192133,0.28577400412687,0.566473156,0.072372608,0.084348814,0.27680542312688,0.363483762,0.080669048,0.345103201,0.21074398912689,0.215855171,0.125134018,0.353918666,0.30509214512690,0.124199602,0.448225334,0.129888561,0.29768650312691,0.27076972,0.283229615,0.088867806,0.3571328612692,0.052463589,0.449585863,0.209534946,0.28841560212693,0.401507747,0.290985092,0.077853271,0.2296538912694,0.332400661,0.385299169,0.089042741,0.19325742912695,0.377309398,0.134765721,0.290390433,0.19753444712696,0.316440354,0.405543888,0.079395377,0.19862038112697,0.082262104,0.108410017,0.479905925,0.32942195412698,0.184279703,0.29678228,0.236898621,0.28203939612699,0.23356714,0.39114866,0.198112652,0.17717154912700,0.197306047,0.353841661,0.22901436,0.21983793312701,0.45523551,0.157021152,0.10850832,0.27923501812702,0.117611492,0.125984178,0.174716622,0.58168770812703,0.093241524,0.44470023,0.108010598,0.35404764812704,0.403313997,0.325346851,0.154341067,0.11699808512705,0.089373343,0.448581261,0.129706488,0.33233890912706,0.159710764,0.326659662,0.267557151,0.24607242312707,0.17988403,0.40251614,0.091819671,0.32578015812708,0.142495702,0.389606292,0.134123775,0.3337742312709,0.155121838,0.262178969,0.330057114,0.25264207812710,0.098553905,0.138993411,0.267997946,0.49445473712711,0.318781941,0.087202275,0.161953529,0.43206225412712,0.503244314,0.211961253,0.095584209,0.18921022412713,0.088594364,0.391234607,0.232052928,0.28811810112714,0.253849761,0.068665065,0.361567049,0.31591812512715,0.142867576,0.367295506,0.098720404,0.39111651412716,0.082504914,0.151468356,0.481584767,0.28444196412717,0.535584201,0.089523111,0.056555273,0.31833741612718,0.309380265,0.149109421,0.208839772,0.33267054212719,0.41942562,0.202838647,0.077560476,0.30017525712720,0.127458516,0.265431962,0.193718173,0.41339134812721,0.19009554,0.08026053,0.413115621,0.31652830912722,0.045254564,0.211552109,0.556851225,0.18634210212723,0.294485521,0.076663709,0.332633599,0.29621717112724,0.511046431,0.078815997,0.123464474,0.28667309712725,0.118714447,0.473710669,0.152820137,0.25475474712726,0.215940751,0.07859404,0.258540844,0.44692436412727,0.157455502,0.079699102,0.488345792,0.27449960412728,0.493649399,0.095683439,0.095308212,0.31535895112729,0.37519722,0.144555136,0.203027019,0.27722062512730,0.146229563,0.213030953,0.103519294,0.5372201912731,0.512095118,0.14206812,0.106961854,0.23887490812732,0.178556543,0.111361584,0.216663063,0.4934188112733,0.322660469,0.293963787,0.179009942,0.20436580212734,0.181831973,0.293043538,0.296761809,0.2283626812735,0.059870387,0.093423224,0.583665261,0.26304112912736,0.533268131,0.083421973,0.077217315,0.30609258112737,0.077937512,0.069720809,0.517284295,0.33505738412738,0.363500142,0.079164828,0.161637867,0.39569716312739,0.125272952,0.222912306,0.346511411,0.30530333112740,0.145285147,0.476849966,0.084924733,0.29294015512741,0.426828612,0.140773691,0.08841026,0.34398743712742,0.250806911,0.235704468,0.34520786,0.16828076112743,0.324414728,0.09476107,0.325689187,0.25513501412744,0.473343237,0.227128842,0.056092419,0.24343550112745,0.36343691,0.119038463,0.191715739,0.32580888812746,0.266931658,0.090556547,0.367442841,0.27506895412747,0.434716227,0.059696286,0.323869498,0.1817179912748,0.076706756,0.489119258,0.156756827,0.27741715912749,0.413595676,0.237630341,0.056011584,0.29276239912750,0.284485408,0.263394653,0.278405605,0.17371433412751,0.194629866,0.223478995,0.08565699,0.49623414912752,0.18573211,0.250832566,0.079327999,0.48410732512753,0.137891217,0.332924912,0.107132842,0.42205102812754,0.135829619,0.550973464,0.081117832,0.23207908512755,0.065585837,0.090225413,0.478089269,0.36609948212756,0.13774914,0.321539082,0.35999649,0.18071528912757,0.340084629,0.328004968,0.105457855,0.22645254712758,0.480132606,0.100780682,0.121628141,0.2974585712759,0.158889116,0.084234144,0.198636946,0.55823979412760,0.215950339,0.443655965,0.050855834,0.28953786112761,0.130194489,0.160728977,0.459471259,0.24960527612762,0.107083103,0.380805664,0.117133419,0.39497781412763,0.37822968,0.062312131,0.300884821,0.25857336812764,0.208973087,0.125522279,0.317446326,0.34805830812765,0.441523087,0.216540835,0.106199095,0.23573698312766,0.235418292,0.276480218,0.139670194,0.34843129612767,0.351542944,0.107750406,0.123092593,0.41761405712768,0.238961252,0.385551759,0.125403069,0.25008391912769,0.170002483,0.532390243,0.083589527,0.21401774612770,0.107672566,0.480541097,0.054762469,0.35702386912771,0.259807366,0.223346248,0.309396714,0.20744967212772,0.385031438,0.073140153,0.356895107,0.18493330212773,0.519723566,0.101420677,0.11631603,0.26253972712774,0.262488889,0.262488889,0.217466696,0.25755552712775,0.253042166,0.360231191,0.070134399,0.31659224512776,0.244767916,0.17575668,0.318795463,0.26067994112777,0.432177963,0.100004895,0.182077026,0.28574011712778,0.227859063,0.210206239,0.368949591,0.19298510712779,0.15033674,0.22718512,0.27862398,0.3438541612780,0.375438468,0.221860837,0.234914272,0.16778642412781,0.330178706,0.051261109,0.299232043,0.31932814212782,0.149371776,0.199495687,0.188655479,0.46247705812783,0.087515441,0.231582189,0.366737696,0.31416467412784,0.300476214,0.240459774,0.192801559,0.26626245312785,0.08998192,0.442359193,0.095781551,0.37187733612786,0.183797764,0.326790167,0.128493315,0.36091875412787,0.455610718,0.112371568,0.230831917,0.20118579712788,0.462852095,0.197648185,0.057170192,0.28232952912789,0.044491884,0.340528335,0.449344479,0.16563530312790,0.095373309,0.119531979,0.464798522,0.3202961912791,0.091860577,0.147682378,0.158615685,0.6018413612792,0.299611593,0.232498651,0.278173004,0.18971675212793,0.097574784,0.086490512,0.414124688,0.40181001512794,0.075782219,0.481691742,0.136768121,0.30575791812795,0.376207782,0.073706531,0.333295954,0.21678973212796,0.199346539,0.303311199,0.069271143,0.4280711212797,0.322715656,0.301071814,0.239602382,0.13661014712798,0.359854371,0.07819443,0.220404314,0.34154688512799,0.294728719,0.431920363,0.059378125,0.21397279312800,0.400729051,0.031710881,0.372841717,0.19471835112801,0.406761384,0.195202063,0.211848222,0.18618833112802,0.503820612,0.144300118,0.102221659,0.24965761212803,0.349539568,0.058291935,0.294535525,0.29763297212804,0.227748795,0.416924967,0.0924478,0.26287843812805,0.138174911,0.12316313,0.342444164,0.39621779512806,0.461115811,0.221537062,0.084269042,0.23307808512807,0.091345887,0.077019585,0.48945418,0.34218034812808,0.081324311,0.44242247,0.112502919,0.363750312809,0.142000389,0.03928467,0.567852652,0.25086228912810,0.183519687,0.245926394,0.087954219,0.482599712811,0.043001066,0.236071319,0.511798601,0.20912901412812,0.152289109,0.328752731,0.128661239,0.39029692112813,0.155792975,0.106480331,0.429572639,0.30815405512814,0.078260063,0.265420171,0.312130077,0.34418968812815,0.149748664,0.493026006,0.143245495,0.21397983512816,0.083468267,0.143389442,0.225884168,0.54725812412817,0.14606598,0.356692942,0.32607696,0.17116411712818,0.331714619,0.315914993,0.07663351,0.27573687712819,0.057062106,0.352249862,0.394024803,0.19666322912820,0.219508392,0.196926955,0.287335189,0.29622946412821,0.273874299,0.163623293,0.261735661,0.30076674712822,0.0808565,0.247561826,0.405021045,0.26656062912823,0.300341375,0.341135907,0.083766937,0.27475578112824,0.308439652,0.086457658,0.285788583,0.31931410712825,0.174626676,0.130017709,0.460963929,0.23439168612826,0.225735557,0.110159235,0.26651058,0.39759462712827,0.106321019,0.092732459,0.457901081,0.34304544212828,0.306924719,0.381302265,0.040811316,0.27096170112829,0.199985403,0.21078121,0.410681914,0.17855147312830,0.12073937,0.059393995,0.51792342,0.30194321512831,0.070057105,0.533511877,0.173335827,0.2230951912832,0.31964823,0.111862019,0.125672698,0.44281705412833,0.095087693,0.410406195,0.189628948,0.30487716412834,0.096458047,0.437666903,0.171181291,0.29469375912835,0.40139471,0.119694605,0.224415135,0.2544955512836,0.106410996,0.288955896,0.219031957,0.38560115112837,0.083738377,0.122888221,0.374623394,0.41875000712838,0.221604296,0.404725964,0.162225976,0.21144376412839,0.157351829,0.369648866,0.123148328,0.34985097712840,0.087094673,0.305755744,0.16177159,0.44537799312841,0.114089992,0.38403066,0.078763717,0.4231156312842,0.389961337,0.157506479,0.157506479,0.29502570512843,0.125805749,0.421986373,0.216521984,0.23568589312844,0.331008987,0.115417656,0.365840145,0.18773321312845,0.237268372,0.109563621,0.185705341,0.46746266612846,0.065276165,0.33758161,0.258984994,0.33815723112847,0.092338129,0.275695579,0.256529677,0.37543661612848,0.312233602,0.15362903,0.351745527,0.1823918412849,0.23899579,0.342909947,0.250963329,0.16713093412850,0.540700558,0.058750063,0.068412478,0.332136912851,0.143015553,0.363259431,0.211486272,0.28223874412852,0.412647909,0.147411139,0.213426574,0.22651437912853,0.348972373,0.094778755,0.356843745,0.19940512712854,0.406878696,0.124016533,0.255395696,0.21370907512855,0.351876714,0.124402903,0.207887747,0.31583263612856,0.159208911,0.141054872,0.201628764,0.49810745212857,0.299636567,0.104023788,0.216546739,0.37979290612858,0.085341101,0.080422986,0.569386241,0.26484967212859,0.083895651,0.392133779,0.226452848,0.29751772212860,0.131401481,0.170597181,0.104814262,0.59318707612861,0.086929939,0.100031422,0.522311076,0.29072756312862,0.161813567,0.109676577,0.310377226,0.4181326312863,0.064705201,0.132707444,0.516538208,0.28604914812864,0.204686068,0.162940467,0.421098561,0.21127490312865,0.214003445,0.453539989,0.092115559,0.24034100712866,0.127550152,0.146548383,0.178446891,0.54745457312867,0.078545497,0.325355085,0.263063123,0.33303629512868,0.154946471,0.297706045,0.099648211,0.44769927312869,0.159681247,0.058150269,0.550463078,0.23170540512870,0.107983388,0.483867645,0.123018035,0.28513093212871,0.108745373,0.40821184,0.199218832,0.28382395512872,0.290858226,0.218935349,0.166508788,0.32369763712873,0.298696959,0.270432678,0.132384468,0.29848589512874,0.103690411,0.117727716,0.56888349,0.20969838312875,0.087707498,0.441410783,0.180519355,0.29036236412876,0.104812053,0.431008136,0.161353222,0.30282658912877,0.309410061,0.28184421,0.130072063,0.27867366612878,0.128651986,0.10866237,0.377463293,0.38522235112879,0.211893131,0.406412771,0.194108353,0.18758574512880,0.175177202,0.339211359,0.124379249,0.3612321912881,0.053034074,0.426549263,0.28965587,0.23076079312882,0.127737914,0.410635991,0.096073344,0.36555275112883,0.159675122,0.132785635,0.366419803,0.3411194412884,0.306776366,0.344011483,0.181999581,0.1672125712885,0.202459336,0.120305527,0.154099797,0.5231353412886,0.381286581,0.273374411,0.128632649,0.21670635912887,0.249051573,0.095232765,0.351790895,0.30392476712888,0.154448107,0.303114634,0.323520204,0.21891705412889,0.310922224,0.282147404,0.181109882,0.2258204912890,0.325262404,0.161085241,0.104058334,0.40959402112891,0.155938059,0.416609676,0.224197502,0.20325476312892,0.147163313,0.231576826,0.423705012,0.19755484912893,0.21509361,0.126810962,0.151892258,0.50620317112894,0.175756979,0.145308107,0.116473877,0.56246103712895,0.207009205,0.270998466,0.206079858,0.31591247112896,0.417187671,0.2340859,0.066645367,0.28208106212897,0.230217963,0.269661379,0.151802749,0.34831790812898,0.083502546,0.048832244,0.545981336,0.32168387412899,0.179322707,0.468794129,0.148127042,0.20375612112900,0.400595225,0.12396607,0.319539957,0.15589874712901,0.471747423,0.073711945,0.131735995,0.32280463612902,0.181525304,0.270317493,0.182525075,0.36563212712903,0.176267735,0.277395209,0.201230511,0.34510654512904,0.122316558,0.161354395,0.268783813,0.44754523412905,0.35630777,0.198664693,0.163341169,0.28168636812906,0.260016532,0.149852509,0.133387388,0.4567435712907,0.093869648,0.123330983,0.230313626,0.55248574412908,0.151051595,0.190368165,0.083707297,0.57487294412909,0.350536919,0.171074547,0.125731986,0.35265654812910,0.283220047,0.386596602,0.059204738,0.27097861412911,0.160817421,0.192522633,0.306953854,0.33970609312912,0.434916724,0.168237964,0.109687013,0.28715829912913,0.096081691,0.45684988,0.151411259,0.29565717112914,0.165507507,0.158202297,0.28626403,0.39002616612915,0.095570041,0.390908073,0.14551076,0.36801112612916,0.248573196,0.158929382,0.093372935,0.49912448712917,0.380813926,0.374840437,0.054245112,0.19010052512918,0.164152959,0.109911489,0.45857261,0.26736294212919,0.113170315,0.452438214,0.07182577,0.362565712920,0.158356526,0.508507645,0.071328273,0.26180755612921,0.434250274,0.056757063,0.18958119,0.31941147412922,0.1192467,0.097934967,0.242902709,0.53991562412923,0.34865998,0.070138931,0.256373485,0.32482760412924,0.418154505,0.199653241,0.116666596,0.26552565812925,0.235079073,0.226534959,0.249855678,0.28853029112926,0.276554944,0.286322157,0.143246683,0.29387621512927,0.117815213,0.549949125,0.183743129,0.14849253212928,0.072536073,0.248597702,0.241431562,0.43743466312929,0.039200814,0.373341115,0.366744215,0.22071385712930,0.519702772,0.087719535,0.118929026,0.27364866712931,0.113418723,0.225060529,0.194545145,0.46697560312932,0.500265367,0.083918033,0.10720291,0.3086136912933,0.103759151,0.192185612,0.202902915,0.50115232212934,0.142345474,0.586462271,0.065509378,0.20568287812935,0.072591002,0.495590251,0.077263263,0.35455548412936,0.081169154,0.545386036,0.155309057,0.21813575312937,0.202834568,0.283876215,0.248418652,0.26487056512938,0.086292845,0.517487461,0.199007215,0.19721247912939,0.343388656,0.140830842,0.304298464,0.21148203812940,0.173445851,0.108251181,0.360026709,0.3582762612941,0.092821477,0.466900006,0.097695879,0.34258263812942,0.146202209,0.078743748,0.588148742,0.18690530112943,0.085020008,0.232410935,0.216849074,0.46571998312944,0.405694241,0.129084739,0.164387935,0.30083308412945,0.08829162,0.311228633,0.269095234,0.33138451312946,0.075512244,0.404121833,0.194216111,0.32614981112947,0.369080838,0.170034873,0.155287281,0.30559700812948,0.235618066,0.253860021,0.0709274,0.43959451212949,0.183990758,0.395980812,0.108987448,0.31104098212950,0.080240659,0.353447555,0.35221613,0.21409565612951,0.070796611,0.274051446,0.35036029,0.30479165212952,0.482386296,0.138737596,0.085953492,0.29292261612953,0.307858576,0.108070194,0.308789126,0.27528210412954,0.238300581,0.163361902,0.123658555,0.47467896212955,0.123508578,0.5200293,0.108550663,0.24791145912956,0.39467498,0.088813367,0.280862992,0.23564866112957,0.12762404,0.430804002,0.25060096,0.19097099812958,0.246091929,0.390442093,0.068540816,0.29492516212959,0.156607982,0.397861432,0.189014641,0.25651594512960,0.458149143,0.237399885,0.042633758,0.26181721412961,0.126866129,0.267024642,0.164890932,0.44121829712962,0.180343399,0.131626076,0.468587832,0.21944269412963,0.321490792,0.097837696,0.236958037,0.34371347512964,0.270553644,0.09412859,0.195893766,0.43942399912965,0.183411979,0.058367326,0.454369056,0.30385163912966,0.268597155,0.440381234,0.055269777,0.23575183412967,0.152083769,0.202563398,0.191465102,0.4538877312968,0.224736328,0.098838154,0.276235958,0.4001895612969,0.283955611,0.495549177,0.04777987,0.17271534312970,0.215729498,0.217126232,0.145777255,0.42136701512971,0.243208342,0.251702232,0.104381807,0.40070761912972,0.457970414,0.299159704,0.039381722,0.20348816112973,0.408752833,0.13429643,0.154891796,0.3020589412974,0.128217596,0.329552885,0.307115529,0.2351139912975,0.2153011,0.106941471,0.243877302,0.43388012712976,0.274486753,0.076696843,0.459249354,0.1895670512977,0.409217278,0.05528993,0.136459835,0.39903295812978,0.503244314,0.211961253,0.095584209,0.18921022412979,0.088594364,0.391234607,0.232052928,0.28811810112980,0.253849761,0.068665065,0.361567049,0.31591812512981,0.142867576,0.367295506,0.098720404,0.39111651412982,0.082504914,0.151468356,0.481584767,0.28444196412983,0.535584201,0.089523111,0.056555273,0.31833741612984,0.309380265,0.149109421,0.208839772,0.33267054212985,0.41942562,0.202838647,0.077560476,0.30017525712986,0.127458516,0.265431962,0.193718173,0.41339134812987,0.19009554,0.08026053,0.413115621,0.31652830912988,0.045254564,0.211552109,0.556851225,0.18634210212989,0.294485521,0.076663709,0.332633599,0.29621717112990,0.511046431,0.078815997,0.123464474,0.28667309712991,0.118714447,0.473710669,0.152820137,0.25475474712992,0.215940751,0.07859404,0.258540844,0.44692436412993,0.157455502,0.079699102,0.488345792,0.27449960412994,0.493649399,0.095683439,0.095308212,0.31535895112995,0.37519722,0.144555136,0.203027019,0.27722062512996,0.146229563,0.213030953,0.103519294,0.5372201912997,0.357375902,0.083531043,0.115201237,0.44389181812998,0.101827331,0.345031073,0.318885455,0.23425614212999,0.218222924,0.178640484,0.273992338,0.32914425413000,0.054517849,0.560296627,0.142589665,0.24259585813001,0.277383911,0.11791188,0.37163059,0.23307361813002,0.461003707,0.140710043,0.160312235,0.23797401413003,0.417672216,0.090328431,0.295126639,0.19687271313004,0.162881495,0.50914647,0.095816859,0.23215517713005,0.093507371,0.540947659,0.073314058,0.29223091313006,0.391433502,0.175619127,0.153847045,0.27910032513007,0.066885498,0.253343042,0.463575398,0.21619606213008,0.100139765,0.207889958,0.234851662,0.45711861413009,0.158441342,0.53012491,0.052417695,0.25901605313010,0.061479068,0.060877632,0.442212316,0.43543098413011,0.09408896,0.540436841,0.207752283,0.15772191513012,0.340489096,0.251210328,0.196289154,0.21201142213013,0.222161884,0.170654268,0.113015076,0.49416877313014,0.254217155,0.206494381,0.194656727,0.34463173713015,0.310165335,0.270545707,0.084961863,0.33432709613016,0.126295079,0.243241912,0.393508941,0.23695406813017,0.495790566,0.240470306,0.089558538,0.17418059113018,0.144613618,0.368550424,0.076171663,0.41066429513019,0.313789084,0.159781878,0.32215647,0.20427256713020,0.128508011,0.115543705,0.178915882,0.57703240313021,0.134592524,0.256822779,0.188857755,0.41972694213022,0.177657839,0.434236309,0.058387846,0.32971800613023,0.076659082,0.340587861,0.454438324,0.12831473313024,0.060660928,0.052338565,0.593164967,0.29383553913025,0.211066087,0.197592443,0.116274563,0.47506690613026,0.156668478,0.092946824,0.419456799,0.33092789913027,0.17542633,0.305730198,0.356214163,0.16262930913028,0.365567825,0.070513762,0.312484318,0.25143409513029,0.107332661,0.296379416,0.428555541,0.16773238213030,0.217249936,0.129115719,0.113240143,0.54039420213031,0.184327958,0.261074603,0.234794981,0.31980245713032,0.07511924,0.344656751,0.210746854,0.36947715513033,0.238176304,0.061055489,0.263993281,0.43677492513034,0.330243282,0.084174305,0.343028648,0.24255376513035,0.162917667,0.154441459,0.176758049,0.50588282613036,0.091888321,0.120336396,0.219849973,0.5679253113037,0.04614207,0.274328535,0.361481848,0.31804754813038,0.11416079,0.476164062,0.177977222,0.23169792613039,0.04123501,0.31101024,0.388433684,0.25932106613040,0.212632355,0.065478463,0.372074918,0.34981426413041,0.246381489,0.258526082,0.303873727,0.19121870213042,0.144562132,0.123116831,0.320327423,0.41199361413043,0.089590464,0.451347312,0.139506946,0.31955527713044,0.085080014,0.462000699,0.151677776,0.30124151113045,0.114431621,0.119405472,0.149077822,0.61708508513046,0.43362033,0.113159489,0.189638221,0.26358196113047,0.451677751,0.153152832,0.071861748,0.32330766913048,0.453461813,0.256956029,0.052651235,0.23693092213049,0.094461828,0.383415622,0.281310024,0.24081252613050,0.112245779,0.122662247,0.443937974,0.32115413051,0.324301857,0.066610888,0.181421873,0.42766538113052,0.254521988,0.370686544,0.056978555,0.31781291313053,0.093791343,0.28503848,0.187433624,0.43373655313054,0.382547239,0.056627299,0.22953222,0.33129324313055,0.410923149,0.121019102,0.071397305,0.39666044413056,0.254498924,0.198459515,0.142761875,0.40427968713057,0.428620967,0.064213957,0.117085565,0.39007951113058,0.150768132,0.345815878,0.128363628,0.37505236313059,0.117207658,0.122189889,0.400609883,0.35999256913060,0.346475349,0.125672793,0.084217206,0.44363465213061,0.150099008,0.355235242,0.224265691,0.27040005913062,0.368923429,0.07684642,0.310564022,0.2436661313063,0.144951187,0.061080202,0.367886217,0.42608239313064,0.194364064,0.139687963,0.324263021,0.34168495313065,0.347834855,0.300140302,0.168293009,0.18373183413066,0.175826821,0.119978697,0.419433366,0.28476111613067,0.12151655,0.479671553,0.09109876,0.30771313713068,0.279692485,0.167065108,0.222571905,0.33067050213069,0.478721923,0.108256737,0.213373375,0.19964796513070,0.096471344,0.540903424,0.065244249,0.29738098313071,0.140274506,0.096060568,0.272391332,0.49127359413072,0.074519047,0.094965496,0.404472026,0.42604343113073,0.218905048,0.251803168,0.124021268,0.40527051713074,0.184369304,0.255553473,0.11518889,0.44488833213075,0.048255077,0.491908802,0.19042419,0.26941193113076,0.293926135,0.166009019,0.364260386,0.1758044613077,0.161586188,0.063921231,0.355295566,0.41919701413078,0.055907888,0.449160864,0.240825034,0.25410621413079,0.124292354,0.165524557,0.431195203,0.27898788513080,0.39912811,0.207451562,0.11915321,0.27426711813081,0.093630988,0.298355702,0.258752187,0.34926112313082,0.58762571,0.06807391,0.093614957,0.25068542413083,0.086706872,0.418215704,0.284269184,0.2108082413084,0.107349094,0.45574395,0.095878367,0.34102858913085,0.209080014,0.10576947,0.307883288,0.37726722813086,0.145529187,0.540036093,0.057668662,0.25676605813087,0.521845765,0.168319559,0.044391724,0.26544295113088,0.048862339,0.078057857,0.523214395,0.34986540913089,0.233815656,0.405581333,0.172160815,0.18844219713090,0.186078477,0.119411796,0.187978112,0.50653161513091,0.05700043,0.477116089,0.258511263,0.20737221813092,0.129103983,0.199878923,0.455625591,0.21539150313093,0.46632116,0.096009802,0.129994164,0.30767487413094,0.143147154,0.090215567,0.34398163,0.42265564913095,0.135602576,0.163722944,0.231608324,0.46906615513096,0.167607115,0.415134224,0.235873364,0.18138529613097,0.061685708