No,Ch1,Ch2,Ch3,Ch412351,0.135677352,0.436366002,0.189228847,0.23872779912352,0.077789734,0.263423301,0.494598163,0.16418880212353,0.393441435,0.218359709,0.234901137,0.15329771812354,0.252612724,0.280547986,0.077360608,0.38947868212355,0.086206592,0.163963279,0.505629931,0.24420019712356,0.268494996,0.108773437,0.448523928,0.17420763912357,0.557831244,0.068121197,0.069674686,0.30437287312358,0.177119984,0.164998303,0.389008347,0.26887336612359,0.366719145,0.177949251,0.159282691,0.29604891212360,0.433463743,0.104410724,0.199347443,0.26277808912361,0.192349496,0.253718899,0.138054248,0.41587735712362,0.221874343,0.285035148,0.19757941,0.29551109912363,0.457821452,0.223587624,0.096929446,0.22166147912364,0.146098018,0.472159606,0.11535704,0.26638533512365,0.092145177,0.44095367,0.10791989,0.35898126312366,0.106291232,0.401750535,0.277070405,0.21488782812367,0.175308609,0.111433427,0.325024843,0.38823312212368,0.491596381,0.107430202,0.060532567,0.3404408512369,0.153407273,0.046241804,0.579561104,0.22078981912370,0.366742563,0.128051329,0.239220509,0.26598559912371,0.132723202,0.09339859,0.411597262,0.36228094612372,0.191472512,0.128820141,0.224305708,0.45540163912373,0.207397934,0.117013407,0.468115586,0.20747307212374,0.166061161,0.077122656,0.331026829,0.42578935412375,0.12762767,0.268304105,0.41533694,0.18873128512376,0.069190973,0.498366073,0.136368792,0.29607416212377,0.128270828,0.256219179,0.10849296,0.50701703312378,0.116474935,0.050387524,0.54403466,0.28910288112379,0.213653439,0.429107265,0.096137467,0.26110182812380,0.264751556,0.403553015,0.079953678,0.25174175112381,0.083851067,0.243675561,0.412054333,0.26041903912382,0.092847382,0.359438938,0.242562151,0.30515152912383,0.101611565,0.439058926,0.12674116,0.3325883512384,0.138341056,0.183965726,0.267082756,0.41061046312385,0.099203899,0.274803294,0.399092912,0.22689989512386,0.395829627,0.289352085,0.070172465,0.24464582312387,0.064421675,0.381742505,0.254184684,0.29965113512388,0.455417253,0.148668995,0.226020574,0.16989317812389,0.149592364,0.362627317,0.288116531,0.19966378912390,0.187630117,0.126623554,0.113509808,0.57223652212391,0.090029565,0.110450804,0.473784007,0.32573562412392,0.309051236,0.174663409,0.175665464,0.34061989212393,0.165104276,0.270287861,0.108142939,0.45646492512394,0.20844468,0.094777533,0.2697309,0.42704688612395,0.095566562,0.139050831,0.444486187,0.3208964212396,0.064906414,0.241167747,0.323222821,0.37070301812397,0.450968814,0.053338486,0.249850808,0.24584189212398,0.172831544,0.219713264,0.330462133,0.2769930612399,0.25038606,0.441387166,0.05308865,0.25513812512400,0.160673791,0.09666728,0.262191775,0.48046715512401,0.133756013,0.207515083,0.118852259,0.53987664512402,0.134857182,0.116739358,0.322888577,0.42551488312403,0.177594572,0.09597446,0.251507066,0.47492390212404,0.119214721,0.092533211,0.400824006,0.38742806212405,0.168752464,0.326070297,0.227442027,0.27773521112406,0.348783129,0.314662148,0.115290589,0.22126413512407,0.301655258,0.078128423,0.422959954,0.19725636412408,0.334809054,0.235740918,0.213078667,0.21637136112409,0.419528993,0.349708489,0.063032412,0.16773010712410,0.151149155,0.431459146,0.074607162,0.34278453712411,0.491765116,0.070770188,0.206919847,0.23054484912412,0.090921657,0.24794206,0.42220903,0.23892725312413,0.099227268,0.270802029,0.47954432,0.15042638312414,0.290323195,0.124118965,0.250512996,0.33504484412415,0.487234731,0.127240351,0.124958197,0.26056672212416,0.592689467,0.06098026,0.079201818,0.26712845512417,0.224715672,0.117517594,0.130691429,0.52707530512418,0.293096449,0.429735761,0.050580576,0.22658721412419,0.216317049,0.142410184,0.104116758,0.53715600912420,0.213165767,0.152992318,0.272431703,0.36141021212421,0.395575647,0.27899498,0.115551037,0.20987833712422,0.320648577,0.261683128,0.246615629,0.17105266612423,0.22386366,0.255550681,0.12126285,0.3993228112424,0.190999908,0.470544826,0.05137674,0.28707852712425,0.384330386,0.143015792,0.226355919,0.24629790312426,0.214311385,0.124305136,0.335946059,0.32543742112427,0.356625444,0.126716884,0.098898617,0.41775905512428,0.132426532,0.104963606,0.140560709,0.62204915312429,0.324027738,0.162350222,0.233694043,0.27992799712430,0.094696601,0.280800967,0.320414877,0.30408755412431,0.098153559,0.267213334,0.285530692,0.34910241512432,0.084665897,0.398091359,0.125006395,0.39223634912433,0.124587555,0.187012421,0.209154538,0.47924548612434,0.248682823,0.168431056,0.415731896,0.16715422512435,0.202041706,0.168531163,0.3576734,0.27175373112436,0.484610356,0.085006561,0.138153101,0.29222998212437,0.115968786,0.467516193,0.071950168,0.34456485312438,0.087172065,0.346616486,0.20534923,0.36086221912439,0.110765647,0.386413977,0.12684731,0.37597306612440,0.282769594,0.299875467,0.137966324,0.27938861512441,0.346485203,0.231180413,0.121562901,0.30077148212442,0.10658949,0.454428793,0.125067624,0.31391409212443,0.117337224,0.295090253,0.192025796,0.39554672612444,0.303790865,0.109364644,0.217355197,0.36948929412445,0.122113512,0.134814271,0.388220826,0.35485139112446,0.466382388,0.080335568,0.109591123,0.3436909212447,0.117416481,0.482721255,0.067846184,0.3320160812448,0.299172419,0.098886109,0.130005166,0.47193630612449,0.130294299,0.056499126,0.574042378,0.23916419712450,0.340918154,0.297864505,0.210221777,0.15099556412451,0.062805202,0.298664128,0.400467739,0.23806293112452,0.286181155,0.225532656,0.303913978,0.18437221112453,0.131447492,0.269950752,0.278036001,0.32056575512454,0.387913708,0.048246632,0.285811265,0.27802839612455,0.182436643,0.413628908,0.122919324,0.28101512512456,0.141159266,0.448559394,0.128967978,0.28131336212457,0.312020012,0.07381225,0.284201572,0.32996616512458,0.169551406,0.413573207,0.195508112,0.22136727512459,0.143886879,0.188038914,0.178951848,0.48912235912460,0.03951896,0.415645792,0.340390223,0.20444502512461,0.261346182,0.395555673,0.102923918,0.24017422612462,0.559245848,0.073219436,0.138069791,0.22946492612463,0.143621196,0.171627273,0.336837233,0.34791429812464,0.147226634,0.2095994,0.454106704,0.18906726212465,0.200783655,0.152721011,0.273597403,0.37289793112466,0.494518494,0.139250999,0.076159018,0.29007148912467,0.12044694,0.331991775,0.193132902,0.35442838212468,0.185849181,0.436877275,0.093266434,0.28400710912469,0.050527749,0.394558705,0.285394707,0.26951883912470,0.199492409,0.148664654,0.413735965,0.23810697112471,0.197362196,0.057865533,0.439393593,0.30537867812472,0.33332926,0.17624503,0.121078937,0.36934677412473,0.393273234,0.165096663,0.126205879,0.31542422512474,0.388566834,0.090560384,0.079092563,0.44178021912475,0.516901584,0.048561971,0.114400799,0.32013564612476,0.081805992,0.121132662,0.60800445,0.18905689512477,0.43409823,0.097189929,0.266182563,0.20252927712478,0.280076009,0.199288889,0.213717957,0.30691714512479,0.103821832,0.137408739,0.465247804,0.29352162512480,0.219383119,0.464088764,0.084639413,0.23188870412481,0.169985634,0.259838944,0.303455744,0.26671967812482,0.134657474,0.136557346,0.519309352,0.20947582812483,0.221712869,0.105058956,0.153176318,0.52005185712484,0.21292984,0.149136223,0.188659108,0.4492748312485,0.23292236,0.189140684,0.225019153,0.35291780312486,0.320177478,0.196347716,0.211455072,0.27201973412487,0.19925807,0.362309624,0.194642866,0.2437894412488,0.065970472,0.09017782,0.477859932,0.36599177612489,0.055063506,0.373684803,0.235958112,0.3352935812490,0.295793789,0.065554834,0.407603146,0.23104823212491,0.204031806,0.186508681,0.377784482,0.23167503112492,0.050592863,0.198502229,0.515835966,0.23506894212493,0.304140469,0.171826924,0.212977731,0.31105487612494,0.17149021,0.055248026,0.460958013,0.31230375112495,0.364619153,0.079622458,0.194751215,0.36100717312496,0.381428203,0.14472095,0.147198509,0.32665233712497,0.089639169,0.368332151,0.132837072,0.40919160812498,0.168493881,0.144685522,0.438825949,0.24799464812499,0.275092196,0.092934857,0.30195547,0.33001747712500,0.14914844,0.148666352,0.130910637,0.57127457112501,0.070110819,0.229201542,0.512848233,0.18783940612502,0.104155011,0.35692723,0.212962832,0.32595492712503,0.392113388,0.32568348,0.044132331,0.23807080112504,0.076038161,0.412805207,0.151147925,0.36000870712505,0.222706648,0.404122572,0.088628815,0.28454196512506,0.262844011,0.360144722,0.096339684,0.28067158312507,0.16541058,0.109403093,0.359608973,0.36557735412508,0.100649261,0.106205552,0.437784772,0.35536041412509,0.151496084,0.219454954,0.253411701,0.3756372612510,0.057738452,0.431091858,0.288613197,0.22255649212511,0.154489162,0.188871932,0.211416153,0.44522275212512,0.360965815,0.304596712,0.078375904,0.2560615712513,0.197951817,0.428933699,0.159198881,0.21391560312514,0.23106538,0.341384016,0.076897355,0.35065324812515,0.272874252,0.350029558,0.127521033,0.24957515612516,0.249104513,0.121023783,0.299396947,0.33047475712517,0.10339816,0.124527439,0.315406441,0.4566679612518,0.097821345,0.246300365,0.318484083,0.33739420712519,0.358069358,0.081115246,0.328551113,0.23226428312520,0.279805039,0.134708063,0.293763243,0.29172365612521,0.504123453,0.089441547,0.123856054,0.28257894612522,0.295806943,0.230682342,0.282139009,0.19137170612523,0.054608643,0.357861648,0.387332415,0.20019729412524,0.380717201,0.058191883,0.337077695,0.22401322212525,0.415783842,0.136553972,0.212289558,0.23537262812526,0.201372086,0.164547669,0.180564915,0.4535153312527,0.30430358,0.300236846,0.089472466,0.30598710712528,0.375583976,0.112809777,0.17337233,0.33823391712529,0.225774337,0.176918554,0.112376775,0.48493033412530,0.359524809,0.333363637,0.108833718,0.19827783612531,0.112965537,0.301498218,0.099863336,0.48567290812532,0.277167817,0.124389037,0.297442188,0.30100095812533,0.382235083,0.120475298,0.278940049,0.21834956912534,0.197126909,0.153206885,0.382166176,0.2675000312535,0.46240665,0.164206251,0.096135457,0.27725164312536,0.133854712,0.057992361,0.500807654,0.30734527312537,0.124603903,0.327759535,0.179189684,0.36844687912538,0.519828425,0.101195189,0.107537671,0.27143871512539,0.186714035,0.424150087,0.182054799,0.2070810812540,0.164086293,0.252983926,0.242557045,0.34037273612541,0.258589263,0.299974294,0.289578344,0.15185809912542,0.106373172,0.277574723,0.211578554,0.4044735512543,0.41855241,0.185049004,0.090573908,0.30582467812544,0.485835496,0.084598709,0.14957361,0.27999218512545,0.333928218,0.189313891,0.181204034,0.29555385712546,0.243081692,0.274942427,0.151573897,0.33040198512547,0.372327891,0.103602567,0.095602655,0.42846688712548,0.36504439,0.301627088,0.075341507,0.25798701412549,0.355670336,0.065975859,0.218033573,0.36032023112550,0.296388394,0.170952163,0.295006773,0.2376526712551,0.074350975,0.446291623,0.235989226,0.24336817512552,0.223498171,0.413711502,0.097426982,0.26536334412553,0.537147692,0.058359046,0.097400347,0.30709291512554,0.052939928,0.527867739,0.117694504,0.30149782912555,0.253681982,0.105347176,0.420523359,0.22044748312556,0.25909129,0.113344254,0.301389996,0.3261744612557,0.213665384,0.104752619,0.310427727,0.3711542712558,0.09544774,0.560359044,0.106634145,0.23755907112559,0.106239042,0.070777184,0.469515683,0.35346809112560,0.205744524,0.100291998,0.144915878,0.549047612561,0.186676131,0.399354135,0.091436954,0.32253278112562,0.06646056,0.242525497,0.43403268,0.25698126312563,0.141126703,0.091910362,0.495713388,0.27124954712564,0.318972883,0.237959167,0.114870924,0.32819702512565,0.180739354,0.341691085,0.223976769,0.25359279312566,0.158802991,0.167017922,0.108043479,0.56613560712567,0.26559904,0.442352483,0.094319267,0.1977292112568,0.326780656,0.234431424,0.113646576,0.32514134312569,0.3455857,0.188168058,0.289580529,0.17666571312570,0.105635979,0.256510749,0.414812194,0.22304107812571,0.242350821,0.342013802,0.159618698,0.25601667912572,0.123181348,0.142003491,0.24458658,0.4902285812573,0.205485803,0.445349293,0.099410326,0.24975457812574,0.199896207,0.261907069,0.307381095,0.23081562912575,0.069814687,0.443708504,0.187229549,0.29924726112576,0.070942184,0.180504609,0.421835612,0.32671759612577,0.079077325,0.374232042,0.338716353,0.2079742812578,0.292261644,0.079366885,0.383480785,0.24489068612579,0.405706768,0.230348372,0.169165285,0.19477957512580,0.406823453,0.187518407,0.123006395,0.28265174512581,0.138758449,0.408210053,0.205278797,0.24775270212582,0.340906239,0.162481073,0.208981659,0.2876310312583,0.145638901,0.413299954,0.181874692,0.25918645312584,0.083274127,0.082534217,0.549221133,0.28497052312585,0.377753033,0.103604221,0.345002877,0.17363986912586,0.217271687,0.078849016,0.357671978,0.34620731912587,0.044472479,0.361198153,0.332896904,0.26143246412588,0.196253496,0.364323783,0.109989473,0.32943324812589,0.366102692,0.10262267,0.240974593,0.29030004512590,0.148343816,0.348916161,0.243263386,0.25947663712591,0.096504642,0.075084655,0.40172027,0.42669043312592,0.18359892,0.258095108,0.293443703,0.26486226912593,0.4645431,0.250593629,0.097165867,0.18769740312594,0.429699232,0.148723152,0.15115919,0.27041842612595,0.116344899,0.474886213,0.121241915,0.28752697412596,0.121918453,0.426651856,0.083820077,0.36760961412597,0.110123242,0.16165916,0.177353075,0.55086452312598,0.133576549,0.192779594,0.185799389,0.48784446812599,0.207825061,0.112307496,0.38805793,0.29180951412600,0.131087083,0.394454394,0.261956272,0.21250225112601,0.274747408,0.108948448,0.427928573,0.18837557112602,0.125954134,0.582220755,0.073139013,0.21868609812603,0.071798354,0.552527653,0.110332871,0.26534112212604,0.109693411,0.535162158,0.155847992,0.19929643912605,0.565057269,0.058434397,0.129514623,0.24699371112606,0.473362925,0.153072048,0.144726344,0.22883868212607,0.174611914,0.252682694,0.386132827,0.18657256512608,0.449535009,0.070103186,0.152389686,0.32797211912609,0.136972166,0.094290108,0.338430263,0.43030746412610,0.167319929,0.179800156,0.422881142,0.22999877312611,0.044572923,0.127629912,0.532752856,0.29504430912612,0.196935081,0.264350629,0.146755923,0.39195836612613,0.202487185,0.219639453,0.117466207,0.46040715612614,0.176278904,0.455451224,0.08873799,0.27953188212615,0.171134601,0.367273883,0.268169234,0.19342228212616,0.118935461,0.251600113,0.219998499,0.40946592812617,0.364037978,0.376593645,0.078307631,0.18106074612618,0.177618685,0.202881277,0.405417434,0.21408260412619,0.49254166,0.119256,0.163978535,0.22422380512620,0.066019633,0.479851518,0.149118815,0.30501003412621,0.091389792,0.280062515,0.390208315,0.23833937812622,0.448911251,0.073832392,0.148688731,0.32856762712623,0.1192586,0.08638089,0.500345467,0.29401504312624,0.350375838,0.122620318,0.312715137,0.21428870712625,0.128239959,0.18963545,0.345775657,0.33634893512626,0.164627921,0.249058808,0.238809169,0.34750410212627,0.094393779,0.384498743,0.187168407,0.33393907212628,0.118536651,0.446200052,0.130339101,0.30492419712629,0.190592248,0.058905149,0.468393889,0.28210871412630,0.275715104,0.078127575,0.215019743,0.43113757812631,0.308834681,0.18838619,0.328210252,0.17456887712632,0.410992495,0.212871613,0.17031418,0.20582171212633,0.073429288,0.541440995,0.073839411,0.31129030612634,0.285632342,0.054705902,0.401862451,0.25779930512635,0.129484748,0.099257413,0.37230179,0.39895604912636,0.306661173,0.273615654,0.133607963,0.28611521112637,0.23056324,0.10200506,0.219710785,0.44772091512638,0.055418648,0.221524131,0.337404781,0.38565244112639,0.181569589,0.41470846,0.123417589,0.28030436212640,0.404788067,0.240516536,0.183526862,0.17116853512641,0.054585803,0.150675379,0.593079409,0.20165940912642,0.132671797,0.267199168,0.150504283,0.44962475112643,0.442966596,0.085641753,0.223476699,0.24791495312644,0.119027405,0.18832374,0.331244463,0.36140439312645,0.411018168,0.165592169,0.164329436,0.25906022612646,0.103663889,0.140525454,0.484314715,0.27149594212647,0.105607102,0.257843586,0.352743693,0.28380561912648,0.167379857,0.401448399,0.181259494,0.2499122512649,0.122319919,0.442197525,0.130933867,0.30454868812650,0.228615805,0.188869554,0.129316644,0.45319799612651,0.164568561,0.143276526,0.34586046,0.34629445312652,0.30876114,0.258299837,0.255111166,0.17782785712653,0.136472804,0.099583374,0.316611164,0.44733265812654,0.239840046,0.047449818,0.472326665,0.24038347112655,0.228422464,0.378769191,0.076595004,0.31621334112656,0.433034658,0.276557362,0.129011749,0.16139623212657,0.067776676,0.596342859,0.064414439,0.27146602712658,0.420713075,0.128819341,0.237499072,0.21296851212659,0.190807637,0.131609146,0.180746701,0.49683651712660,0.381274981,0.314564607,0.113873541,0.19028687112661,0.125285453,0.491116779,0.088681499,0.29491626912662,0.299012087,0.068042021,0.294859589,0.33808630312663,0.116110565,0.363327092,0.111974348,0.40858799512664,0.256118564,0.276369471,0.133464297,0.33404766812665,0.435664299,0.061868028,0.25665449,0.24581318412666,0.370880531,0.328042733,0.051186971,0.24988976512667,0.425994026,0.247248713,0.085061949,0.24169531212668,0.090551884,0.174279187,0.483328257,0.25184067112669,0.129912459,0.365562761,0.153450393,0.35107438612670,0.1386173,0.185138425,0.21672394,0.45952033512671,0.091722943,0.123899182,0.386648999,0.39772887612672,0.180852291,0.39996521,0.275299711,0.14388278812673,0.154179579,0.191335122,0.231131718,0.4233535812674,0.387476292,0.279456043,0.174821965,0.158245712675,0.444395759,0.237224855,0.092174925,0.22620446112676,0.242528443,0.133950502,0.307234904,0.31628615112677,0.121199088,0.131269153,0.240200199,0.5073315612678,0.230843964,0.332487751,0.288136342,0.14853194312679,0.122731689,0.22049601,0.431828885,0.22494341712680,0.075845529,0.540034404,0.089537477,0.2945825912681,0.149003785,0.114465136,0.302160548,0.43437053112682,0.186125539,0.25311075,0.151095234,0.40966847712683,0.300412707,0.092688623,0.119243798,0.48765487212684,0.509780878,0.103840412,0.15029409,0.23608462112685,0.414846697,0.075334328,0.222976236,0.28684273912686,0.054860954,0.31003438,0.367267464,0.26783720212687,0.548033084,0.072154671,0.081615851,0.29819639312688,0.37617261,0.083327337,0.343102717,0.19739733612689,0.199054409,0.12456534,0.350074157,0.32630609312690,0.120086163,0.478417578,0.130631546,0.27086471212691,0.272551836,0.302922475,0.0853354,0.33919028912692,0.050170863,0.445211479,0.2098666,0.29475105812693,0.39594722,0.294004775,0.071583898,0.23846410612694,0.341871213,0.369896214,0.094533663,0.19369890912695,0.386806147,0.139412543,0.277687737,0.19609357312696,0.32387643,0.399693261,0.081524195,0.19490611412697,0.075973305,0.103738249,0.481764902,0.33852354412698,0.197188458,0.297650528,0.249232515,0.25592849912699,0.236133306,0.387702196,0.194562555,0.18160194312700,0.19903963,0.379515179,0.232544979,0.18890021212701,0.461633987,0.151421216,0.104749148,0.28219564812702,0.12206438,0.12554936,0.172013221,0.5803730412703,0.090414984,0.480420147,0.107253224,0.32191164512704,0.404369268,0.319030909,0.147834953,0.1287648712705,0.087484428,0.490053846,0.134739247,0.28772247912706,0.155051675,0.325874786,0.264359601,0.25471393712707,0.184899362,0.431346483,0.09209188,0.29166227612708,0.138720404,0.406694548,0.140140762,0.31444428512709,0.141093179,0.265291711,0.327428346,0.26618676412710,0.102184796,0.128832199,0.271570971,0.49741203412711,0.35929419,0.08132626,0.17485965,0.384519912712,0.49885535,0.199406179,0.094024279,0.20771419212713,0.087869216,0.405196487,0.250059164,0.25687513312714,0.23856453,0.069639042,0.375360839,0.3164355912715,0.12980579,0.373043979,0.096637264,0.40051296612716,0.072333833,0.160329693,0.498704201,0.26863227212717,0.539393111,0.088506932,0.057625004,0.31447495312718,0.347894416,0.150736048,0.202128001,0.29924153512719,0.425194644,0.218941269,0.077897844,0.27796624312720,0.118942525,0.245601193,0.183009155,0.45244712712721,0.19128021,0.080644184,0.390764719,0.33731088712722,0.04167274,0.20039936,0.56777557,0.1901523312723,0.27549814,0.078336428,0.36444451,0.28172092312724,0.529153253,0.079636934,0.113145191,0.27806462212725,0.112387627,0.47122744,0.16226472,0.25412021412726,0.217018454,0.087501967,0.269709493,0.42577008612727,0.15447613,0.085826037,0.491574576,0.26812325712728,0.486716073,0.1022672,0.098584407,0.3124323212729,0.364787451,0.136658086,0.187610376,0.31094408712730,0.162104829,0.226236827,0.112597301,0.49906104312731,0.510791132,0.133397231,0.111942123,0.24386951412732,0.176589791,0.11139577,0.231316372,0.48069806712733,0.31288784,0.298411798,0.194746223,0.19395413912734,0.17876182,0.304030725,0.302988024,0.21421943112735,0.054571466,0.081163151,0.575318724,0.28894665912736,0.551566697,0.088923049,0.073874116,0.28563613812737,0.077561848,0.070652598,0.506268432,0.34551712212738,0.366843641,0.079724318,0.163323176,0.39010886512739,0.131016613,0.221501609,0.362726285,0.28475549412740,0.138176492,0.488293886,0.079433394,0.29409622812741,0.45349416,0.147164761,0.095370302,0.30397077712742,0.234371244,0.234275418,0.356778217,0.17457512112743,0.319669692,0.092229261,0.303878695,0.28422235212744,0.491447018,0.240194869,0.056610539,0.21174757312745,0.342816046,0.11615045,0.197266063,0.34376744112746,0.251890981,0.094008791,0.395117826,0.25898240212747,0.404150536,0.061663225,0.347218305,0.18696793412748,0.079433165,0.506844712,0.162692228,0.25102989412749,0.400093695,0.238075028,0.053701892,0.30812938612750,0.291827269,0.259058708,0.272471202,0.17664282112751,0.193095455,0.208276712,0.094746612,0.5038812212752,0.182014095,0.281442405,0.078949308,0.45759419212753,0.133860782,0.336381058,0.100259102,0.42949905712754,0.131330345,0.540523024,0.081180387,0.24696624412755,0.064920553,0.092829957,0.506184198,0.33606529212756,0.130448167,0.297706866,0.394865542,0.17697942512757,0.358914244,0.339879121,0.098571402,0.20263523312758,0.488252312,0.09773589,0.108826279,0.30518551912759,0.141510433,0.087191312,0.184806513,0.58649174212760,0.222867103,0.465969309,0.04693015,0.26423343812761,0.129332452,0.150677758,0.466796373,0.25319341712762,0.111622093,0.391131834,0.114335426,0.38291064712763,0.380676057,0.062625409,0.325729105,0.23096942812764,0.211513112,0.117327364,0.314678759,0.35648076512765,0.436968855,0.214682722,0.102238809,0.24610961412766,0.232440963,0.274949192,0.136479698,0.35613014812767,0.383097119,0.111047935,0.123982022,0.38187292412768,0.241484453,0.401975581,0.120413922,0.23612604412769,0.168501872,0.523629596,0.076968943,0.23089958912770,0.111512613,0.508081212,0.052901293,0.32750488212771,0.264738435,0.224988736,0.308106844,0.20216598512772,0.398724129,0.066938457,0.345221824,0.1891155912773,0.52780844,0.09814451,0.108176529,0.26587052112774,0.265716386,0.268796995,0.233632075,0.23185454412775,0.251627068,0.399262913,0.069853992,0.27925602612776,0.232705081,0.170897351,0.314455596,0.28194197112777,0.44146111,0.100764949,0.17843707,0.27933687112778,0.224069387,0.220514656,0.358168532,0.19724742612779,0.143462608,0.219167726,0.270447519,0.36692214712780,0.371396241,0.215692971,0.241900862,0.17100992612781,0.375212831,0.055823565,0.299470164,0.26949344112782,0.143503889,0.186789895,0.179036784,0.49066943212783,0.094909949,0.244621948,0.372184114,0.2882839912784,0.312820108,0.233928133,0.174019822,0.27923193712785,0.091595176,0.459480022,0.091760555,0.35716424612786,0.190556073,0.315352117,0.130496702,0.36359510812787,0.458364174,0.110924417,0.232509931,0.19820147912788,0.49035294,0.178757366,0.056864073,0.2740256212789,0.043563649,0.335444877,0.454016037,0.16697543712790,0.094603202,0.125240056,0.479448011,0.3007087312791,0.087940519,0.147993653,0.175424692,0.58864113612792,0.303768036,0.233139727,0.264517832,0.19857440512793,0.09961597,0.081536319,0.433455192,0.38539251912794,0.074387559,0.499107642,0.13216963,0.29433516912795,0.350900671,0.065893759,0.340163613,0.24304195812796,0.205971039,0.326229873,0.077529887,0.39026920112797,0.314804112,0.294618124,0.250535471,0.14004229312798,0.395964537,0.080099524,0.219920261,0.30401567912799,0.289477535,0.442435733,0.05588908,0.21219765312800,0.401352033,0.033550588,0.376332767,0.18876461212801,0.409039407,0.201938622,0.20514132,0.18388065112802,0.501391147,0.149692488,0.098278758,0.25063760812803,0.361247162,0.056813164,0.312511746,0.26942792712804,0.231519842,0.43054355,0.089113453,0.24882315512805,0.134287707,0.120562567,0.354901155,0.39024857212806,0.459615571,0.214397039,0.081643407,0.24434398312807,0.09102412,0.07830141,0.492057232,0.33861723912808,0.08306179,0.431792558,0.123166523,0.36197912812809,0.146470981,0.039991312,0.574810817,0.2387268912810,0.177573481,0.2488326,0.088944082,0.48464983712811,0.041877536,0.232121636,0.508675998,0.21732482912812,0.158217331,0.34619826,0.123831137,0.37175327212813,0.153141013,0.099666739,0.404039432,0.34315281612814,0.07879757,0.291028647,0.322436141,0.30773764212815,0.140364935,0.489510381,0.144819076,0.22530560912816,0.090706572,0.151314297,0.212043394,0.54593573712817,0.13319109,0.378610248,0.328074031,0.1601246312818,0.327413372,0.349240065,0.075559277,0.24778728612819,0.052206102,0.347356008,0.394000944,0.20643694612820,0.224870797,0.19607482,0.285930845,0.29312353812821,0.278489571,0.151972465,0.262673302,0.30686466212822,0.080497894,0.253079998,0.416662656,0.24975945212823,0.312336412,0.342111818,0.08735073,0.25820103912824,0.304680985,0.076974371,0.265115271,0.35322937312825,0.18533515,0.135700929,0.475703913,0.20326000812826,0.237564898,0.114392464,0.254119482,0.39392315612827,0.106571061,0.091112634,0.469547242,0.33276906412828,0.310204975,0.382438094,0.040799297,0.26655763412829,0.214214586,0.210314423,0.411888997,0.16358199412830,0.124251015,0.055766423,0.505977888,0.31400467312831,0.069629983,0.548974279,0.162075986,0.21931975212832,0.321265012,0.107346656,0.112597202,0.4587911312833,0.102321239,0.430926871,0.197222512,0.26952937812834,0.097970694,0.468246434,0.174250886,0.25953198612835,0.389685156,0.112626885,0.214419871,0.28326808912836,0.101386245,0.275562095,0.222787661,0.40026399912837,0.084194297,0.127744678,0.386678454,0.40138257112838,0.222522636,0.430999337,0.151474057,0.1950039712839,0.160457508,0.382193742,0.1120848,0.3452639512840,0.088659404,0.328976407,0.162053097,0.42031109212841,0.114021414,0.379544737,0.07658449,0.4298493612842,0.422052313,0.174052274,0.152726158,0.25116925512843,0.117055677,0.431095606,0.208281126,0.24356759212844,0.339571019,0.108544937,0.376424502,0.17545954112845,0.241279532,0.105172688,0.181638278,0.47190950212846,0.063803009,0.344717185,0.263145806,0.32833399912847,0.088801153,0.276817394,0.234282079,0.40009937412848,0.324989102,0.146469407,0.334996222,0.1935452712849,0.234578067,0.369404986,0.234587893,0.16142905412850,0.557810327,0.053064914,0.075425079,0.31369967912851,0.145814335,0.370403218,0.222062423,0.26172002412852,0.39542163,0.150787014,0.216758162,0.23703319312853,0.34809387,0.088285998,0.359060902,0.2045592312854,0.394461645,0.119759957,0.283744331,0.20203406712855,0.353964454,0.121214903,0.211315826,0.31350481712856,0.15205044,0.126558414,0.20074856,0.52064258612857,0.305317276,0.110432458,0.243881548,0.34036871912858,0.077579537,0.074587994,0.554879456,0.29295301412859,0.090445007,0.424854944,0.232553686,0.25214636312860,0.122719971,0.164333688,0.099768566,0.61317777512861,0.080559093,0.092876486,0.550504457,0.27605996512862,0.153275719,0.12053629,0.337337825,0.38885016512863,0.070959748,0.127806299,0.502172603,0.29906134912864,0.18519352,0.178714015,0.433695787,0.20239667812865,0.208845285,0.450131085,0.08692392,0.25409970912866,0.151340102,0.153655051,0.194150819,0.50085402812867,0.078988742,0.323699971,0.261058863,0.33625242312868,0.169503124,0.30065036,0.099991721,0.42985479512869,0.161049074,0.057042514,0.535837378,0.24607103312870,0.104336693,0.469431484,0.118038483,0.3081933412871,0.113804791,0.426030257,0.194246701,0.2659182512872,0.293643827,0.213777713,0.170452054,0.32212640512873,0.323029004,0.28083914,0.13011863,0.26601322612874,0.113732533,0.121046112,0.558473482,0.20674787312875,0.086465819,0.439739235,0.176414582,0.29738036412876,0.1023119,0.423546136,0.146714391,0.32742757312877,0.332289279,0.286494678,0.114536767,0.26667927612878,0.125383012,0.109901576,0.38770023,0.37701518112879,0.228021152,0.408357504,0.188155438,0.17546590512880,0.167285922,0.353967133,0.110311918,0.36843502712881,0.049567776,0.45358213,0.283243007,0.21360708712882,0.131401033,0.417051301,0.09528882,0.35625884612883,0.156329136,0.138526401,0.401156939,0.30398752412884,0.319557305,0.331320458,0.179368607,0.1697536312885,0.195085771,0.129886684,0.156431408,0.51859613712886,0.378156931,0.260799543,0.121988564,0.23905496112887,0.253752668,0.096602661,0.365728748,0.28391592212888,0.138920433,0.310389103,0.328968861,0.22172160312889,0.318505707,0.271852577,0.187271785,0.22236993212890,0.331166705,0.165620049,0.104212557,0.39900068812891,0.143118906,0.411529189,0.237989485,0.2073624212892,0.152030395,0.226007713,0.432656505,0.18930538712893,0.194163936,0.133786915,0.14832895,0.52372019912894,0.192592485,0.15288433,0.128179125,0.52634405912895,0.207144012,0.276265811,0.200824645,0.31576553212896,0.4254046,0.230427481,0.070670208,0.27349771112897,0.234218226,0.295898775,0.14236055,0.3275224512898,0.08624777,0.05186262,0.537191965,0.32469764512899,0.176844979,0.448842227,0.144413092,0.22989970212900,0.384722859,0.119670237,0.331137573,0.16446933212901,0.476153474,0.081766055,0.136318838,0.30576163412902,0.175341336,0.299327355,0.174406429,0.3509248812903,0.172501885,0.268763181,0.19790571,0.36082922412904,0.116083167,0.177176242,0.272345987,0.43439460512905,0.377528339,0.190796447,0.173687443,0.25798777212906,0.244726482,0.147863613,0.125356684,0.48205322112907,0.092729005,0.127182405,0.228877879,0.55121071212908,0.153700898,0.188574602,0.089931004,0.56779349712909,0.360322078,0.168442083,0.117377033,0.35385880512910,0.282687351,0.410743471,0.054942848,0.25162633112911,0.171719834,0.186548417,0.296632781,0.34509896912912,0.430773194,0.156143182,0.097618634,0.3154649912913,0.093691176,0.480829062,0.151877693,0.27360206912914,0.169805476,0.169141837,0.295313797,0.36573888912915,0.093989168,0.411475195,0.135221274,0.35931436412916,0.244325437,0.151822791,0.093682625,0.51016914812917,0.376185062,0.397105281,0.050927801,0.17578185512918,0.162543881,0.10122052,0.448529979,0.2877056212919,0.11121034,0.45518165,0.073121727,0.36048628312920,0.148056239,0.538151171,0.071570531,0.24222205912921,0.458513778,0.05442272,0.182616312,0.30444718912922,0.113299329,0.095431763,0.249800661,0.54146824712923,0.340508952,0.070800935,0.293095635,0.29559447812924,0.412870264,0.196666288,0.109056541,0.28140690712925,0.233595824,0.22332333,0.25273264,0.29034820612926,0.284112818,0.267382318,0.149497348,0.29900751612927,0.112484043,0.538296009,0.186814289,0.16240565912928,0.069394543,0.264565837,0.273784321,0.39225529812929,0.038154511,0.389394467,0.369400182,0.20305084112930,0.541957673,0.078983296,0.102534013,0.27652501812931,0.107400452,0.216815401,0.183704484,0.49207966312932,0.497384866,0.083369792,0.101126123,0.31811921912933,0.120954245,0.206486088,0.205674605,0.46688506212934,0.134985415,0.57211106,0.061986,0.23091752612935,0.073832523,0.512735084,0.078391462,0.33504093112936,0.08190336,0.545802561,0.148952527,0.22334155112937,0.204068719,0.300096872,0.266289569,0.2295448412938,0.093162396,0.510579993,0.209660054,0.18659755712939,0.333528294,0.135491512,0.292141422,0.23883877212940,0.171370717,0.114950649,0.344510871,0.36916776312941,0.100471649,0.487164724,0.091628786,0.32073484112942,0.144489323,0.074429734,0.586273397,0.19480754612943,0.091066806,0.242116626,0.230395551,0.43642101812944,0.421124629,0.12943164,0.170716113,0.27872761812945,0.085913982,0.30201732,0.267016638,0.34505206112946,0.074285668,0.381130612,0.19022842,0.354355312947,0.381657284,0.180302724,0.167371704,0.27066828912948,0.242714844,0.262382661,0.069844671,0.42505782312949,0.182113043,0.402510528,0.111757953,0.30361847512950,0.077092959,0.379364634,0.349369468,0.19417293912951,0.064603636,0.282860417,0.348926708,0.30360923912952,0.467354692,0.126453219,0.080539879,0.3256522112953,0.330270747,0.108180343,0.30290541,0.258643512954,0.233527107,0.167037848,0.126960982,0.47247406412955,0.109461489,0.547028509,0.106737759,0.23677224212956,0.415448009,0.087241159,0.278110681,0.21920015112957,0.130989123,0.41883304,0.259877501,0.19030033612958,0.250979715,0.388124105,0.07086332,0.29003285912959,0.144756265,0.387622368,0.183256678,0.28436468912960,0.457125356,0.233874534,0.051876886,0.25712322412961,0.138610414,0.268503861,0.185129076,0.40775664912962,0.187139638,0.135128383,0.471559255,0.20617272412963,0.314689682,0.100745803,0.217386014,0.36717850212964,0.260659877,0.087658825,0.189889537,0.46179176112965,0.193223655,0.059842495,0.473890574,0.27304327612966,0.271849811,0.436182625,0.056431177,0.23553638712967,0.144087714,0.20354734,0.186436253,0.46592869312968,0.219912734,0.100080593,0.30453012,0.37547655312969,0.28111888,0.480907837,0.047165066,0.19080821712970,0.232600658,0.204542307,0.13980968,0.42304735512971,0.238267467,0.24300308,0.106407287,0.41232216612972,0.472801545,0.284386035,0.039510024,0.20330239512973,0.433408266,0.124769603,0.148336443,0.29348568812974,0.121971974,0.336255687,0.296127488,0.24564485112975,0.225420277,0.111261689,0.292157281,0.37116075312976,0.27824102,0.069090276,0.445676704,0.20699212977,0.405869166,0.059979521,0.149284462,0.38486685112978,0.49885535,0.199406179,0.094024279,0.20771419212979,0.087869216,0.405196487,0.250059164,0.25687513312980,0.23856453,0.069639042,0.375360839,0.3164355912981,0.12980579,0.373043979,0.096637264,0.40051296612982,0.072333833,0.160329693,0.498704201,0.26863227212983,0.539393111,0.088506932,0.057625004,0.31447495312984,0.347894416,0.150736048,0.202128001,0.29924153512985,0.425194644,0.218941269,0.077897844,0.27796624312986,0.118942525,0.245601193,0.183009155,0.45244712712987,0.19128021,0.080644184,0.390764719,0.33731088712988,0.04167274,0.20039936,0.56777557,0.1901523312989,0.27549814,0.078336428,0.36444451,0.28172092312990,0.529153253,0.079636934,0.113145191,0.27806462212991,0.112387627,0.47122744,0.16226472,0.25412021412992,0.217018454,0.087501967,0.269709493,0.42577008612993,0.15447613,0.085826037,0.491574576,0.26812325712994,0.486716073,0.1022672,0.098584407,0.3124323212995,0.364787451,0.136658086,0.187610376,0.31094408712996,0.162104829,0.226236827,0.112597301,0.49906104312997,0.342146486,0.083492996,0.112590053,0.46177046512998,0.098236292,0.350116989,0.329580628,0.22206609112999,0.217187011,0.192873588,0.263327151,0.32661224913000,0.05526683,0.584536657,0.136245053,0.22395145913001,0.276213539,0.107502611,0.386230798,0.23005305213002,0.458697351,0.142259822,0.163296411,0.23574641613003,0.417667545,0.085221947,0.294386457,0.20272405113004,0.156186829,0.491827152,0.095199315,0.25678670313005,0.09497473,0.57891409,0.077985339,0.24812584113006,0.412914785,0.168008925,0.153063678,0.26601261213007,0.063983878,0.255253929,0.456407022,0.22435517113008,0.100845337,0.194974343,0.213612196,0.49056812413009,0.154836755,0.561749795,0.04688254,0.23653091113010,0.065290901,0.063105063,0.460364317,0.41123971913011,0.089956631,0.517849407,0.21004578,0.18214818213012,0.352793005,0.258403396,0.194282784,0.19452081413013,0.242746148,0.166742691,0.11933144,0.47117972113014,0.250808578,0.209805186,0.197820432,0.34156580313015,0.322052955,0.256295338,0.084047404,0.33760430313016,0.130999302,0.259472153,0.393962832,0.21556571313017,0.494460978,0.234735713,0.088622441,0.18218086813018,0.128248547,0.3742675,0.07174384,0.42574011413019,0.319346023,0.152776041,0.336671144,0.19120679113020,0.141215216,0.116470823,0.191809567,0.55050439413021,0.123450964,0.266429619,0.188801837,0.4213175813022,0.191303712,0.427471987,0.057485661,0.3237386413023,0.072509358,0.341399404,0.444645609,0.14144562813024,0.05545115,0.051770982,0.609359887,0.28341798113025,0.224144043,0.194228748,0.11879989,0.46282731913026,0.155045514,0.087996878,0.41885747,0.33810013813027,0.165980357,0.30633927,0.36117144,0.16650893313028,0.397332961,0.074973496,0.291038289,0.23665525513029,0.099778373,0.297724141,0.427601642,0.17489584413030,0.243402461,0.13124998,0.115711442,0.50963611713031,0.173009828,0.250466548,0.237539218,0.33898440613032,0.079637146,0.352528867,0.226798375,0.34103561213033,0.235069223,0.066745541,0.2814348,0.41675043613034,0.344969301,0.079253451,0.334479584,0.24129766413035,0.152862341,0.149793458,0.16477532,0.53256888113036,0.090673332,0.125861818,0.219665528,0.56379932213037,0.046309149,0.305583299,0.377030726,0.27107682613038,0.11525174,0.461467443,0.173254515,0.25002630213039,0.039819045,0.31228536,0.379627361,0.26826823513040,0.222528446,0.066202798,0.399881582,0.31138717513041,0.250010398,0.256969781,0.290408005,0.20261181713042,0.131127649,0.116666202,0.325670331,0.42653581813043,0.085918495,0.453182898,0.138238367,0.3226602413044,0.085722203,0.458019593,0.154527385,0.30173081913045,0.123927938,0.117945684,0.158349308,0.59977707113046,0.441431825,0.103056325,0.184515077,0.27099677313047,0.467844937,0.174551533,0.077894176,0.27970935513048,0.459565093,0.242006954,0.054728426,0.24369952713049,0.092274956,0.386330562,0.263432726,0.25796175613050,0.10727544,0.126308048,0.437190082,0.3292264313051,0.337625369,0.070557824,0.199390061,0.39242674613052,0.25754438,0.412974182,0.055120883,0.27436055513053,0.095196273,0.27208736,0.184203678,0.44851268913054,0.377648241,0.057252604,0.237815914,0.32728324213055,0.414252125,0.122815475,0.07089995,0.3920324513056,0.245064505,0.192641657,0.123107132,0.43918670613057,0.465014948,0.063520605,0.128364976,0.34309947113058,0.14809988,0.332073103,0.12832566,0.39150135713059,0.128703266,0.131265564,0.418543835,0.32148733513060,0.361308549,0.12740226,0.082170234,0.42911895713061,0.144037796,0.331013058,0.219175149,0.30577399713062,0.371891455,0.076787324,0.315599013,0.23572220813063,0.146595313,0.061826435,0.411999067,0.37957918513064,0.178999878,0.138950022,0.350897327,0.33115277313065,0.338737348,0.290027889,0.162597302,0.20863746113066,0.170492049,0.120791721,0.437667131,0.27104909913067,0.127773882,0.489388647,0.086401013,0.29643645813068,0.273400318,0.159535077,0.232838984,0.33422562113069,0.472272182,0.101165774,0.206327264,0.2202347813070,0.109123032,0.547058744,0.072273876,0.27154434713071,0.140862478,0.086245538,0.286848447,0.48604353713072,0.078018606,0.095955895,0.406244123,0.41978137613073,0.219611263,0.261375792,0.131395812,0.38761713213074,0.173419042,0.254264328,0.107621341,0.46469528913075,0.049388107,0.480649335,0.188332272,0.28163028713076,0.296260414,0.170563477,0.345781445,0.18739466513077,0.160830085,0.06597779,0.374859415,0.3983327113078,0.049958879,0.459738432,0.262595904,0.22770678413079,0.115456533,0.149961202,0.463779525,0.27080273913080,0.410333908,0.206427472,0.115623612,0.26761500813081,0.090174182,0.300400026,0.248855715,0.36057007713082,0.576055803,0.073840946,0.098528546,0.25157470513083,0.085762182,0.421314237,0.286486799,0.20643678213084,0.103426444,0.472227297,0.108865519,0.3154807413085,0.218818469,0.114692745,0.292626143,0.37386264313086,0.137613452,0.54472971,0.052443485,0.26521335413087,0.534804995,0.164069314,0.044639104,0.25648658713088,0.048819162,0.082951812,0.571211244,0.29701778213089,0.236026644,0.39453877,0.158684234,0.21075035313090,0.174715425,0.112064772,0.178698135,0.53452166813091,0.052639886,0.494635169,0.257472046,0.19525289913092,0.127798991,0.185501843,0.463823322,0.22287584413093,0.502625818,0.093288832,0.126700022,0.27738532913094,0.154189051,0.082476828,0.364896393,0.39843772913095,0.12904707,0.156385192,0.227999874,0.48656786513096,0.176594791,0.414678142,0.216017989,0.19270907813097,0.064408949,0.129408796