No,Ch1,Ch2,Ch3,Ch4
12351,0.127099472,0.438652294,0.185335343,0.248912891
12352,0.070347834,0.262550145,0.498973517,0.168128504
12353,0.391594937,0.21025373,0.23329115,0.164860184
12354,0.250756832,0.2806689,0.070659903,0.397914365
12355,0.07968555,0.15829357,0.516176443,0.245844436
12356,0.25484692,0.103530093,0.47048244,0.171140547
12357,0.562153022,0.060033202,0.060219553,0.317594224
12358,0.169194521,0.150317305,0.398790846,0.281697328
12359,0.371394007,0.171991765,0.152333577,0.304280651
12360,0.436615772,0.091302847,0.191370003,0.280711378
12361,0.185908314,0.252787957,0.132473102,0.428830627
12362,0.217805907,0.285648225,0.188704561,0.307841307
12363,0.453235287,0.224999501,0.091422908,0.230342304
12364,0.131006515,0.495954019,0.10479126,0.268248206
12365,0.084725539,0.429269819,0.09537638,0.390628263
12366,0.098387888,0.40060258,0.283039883,0.217969649
12367,0.173331338,0.103729939,0.334319515,0.388619208
12368,0.493741751,0.094574403,0.052481944,0.359201902
12369,0.145212021,0.041029056,0.589041445,0.224717478
12370,0.375863676,0.120375035,0.232348537,0.271412752
12371,0.11845603,0.087668957,0.415371345,0.378503668
12372,0.189617892,0.121368194,0.218262606,0.470751308
12373,0.204548083,0.106847777,0.476452727,0.212151413
12374,0.153327819,0.069199998,0.325096103,0.45237608
12375,0.113549521,0.283479408,0.404555967,0.198415104
12376,0.06089237,0.510275471,0.124824982,0.304007177
12377,0.120466205,0.251746655,0.102943163,0.524843977
12378,0.108456564,0.043181913,0.548145442,0.300216081
12379,0.207181677,0.430262394,0.087999033,0.274556896
12380,0.259672655,0.398135615,0.072507678,0.269684052
12381,0.076297921,0.238495812,0.423656815,0.261549451
12382,0.088599737,0.350481205,0.24276554,0.318153517
12383,0.095988645,0.423334784,0.120883713,0.359792857
12384,0.12952915,0.172487935,0.248658308,0.449324607
12385,0.090130587,0.274120689,0.408956717,0.226792007
12386,0.398466117,0.291176797,0.063529678,0.246827407
12387,0.05642216,0.384015245,0.245940893,0.313621702
12388,0.462185146,0.141717353,0.223235613,0.172861888
12389,0.137639957,0.373389643,0.275114661,0.213855739
12390,0.177925731,0.115037091,0.10801755,0.599019629
12391,0.080843201,0.100228575,0.482481867,0.336446356
12392,0.306103887,0.170508836,0.158430898,0.364956378
12393,0.164738575,0.248425662,0.104020424,0.482815339
12394,0.199436198,0.08929464,0.258820329,0.452448833
12395,0.088616216,0.129029249,0.465273739,0.317080796
12396,0.060150545,0.231885295,0.312901672,0.395062488
12397,0.464494943,0.04682736,0.245704169,0.242973528
12398,0.161145453,0.212338549,0.330873181,0.295642817
12399,0.239641373,0.46002792,0.048243913,0.252086794
12400,0.155760521,0.083105436,0.260525773,0.500608271
12401,0.122265118,0.199219124,0.10293562,0.575580139
12402,0.121935585,0.106371092,0.320094771,0.451598552
12403,0.164802731,0.088854081,0.239680037,0.506663152
12404,0.114117604,0.083662794,0.401398991,0.400820611
12405,0.164131004,0.324821303,0.221874383,0.28917331
12406,0.354388398,0.318371268,0.108097447,0.219142887
12407,0.307630902,0.074006014,0.407892114,0.210470969
12408,0.337781923,0.241970097,0.2073189,0.21292908
12409,0.42644472,0.344765778,0.056306572,0.17248293
12410,0.144498228,0.457771351,0.066625257,0.331105164
12411,0.497840505,0.061492112,0.187562875,0.253104508
12412,0.084477939,0.248844672,0.432042392,0.234634997
12413,0.093504377,0.270819461,0.481652179,0.154023983
12414,0.283326441,0.112382324,0.239826775,0.36446446
12415,0.498615158,0.115275916,0.1186683,0.267440625
12416,0.599213851,0.052597273,0.06923331,0.278955567
12417,0.218196633,0.108360256,0.130685563,0.542757548
12418,0.28615283,0.434225167,0.04521566,0.234406344
12419,0.212155543,0.128987167,0.092285969,0.566571321
12420,0.206930485,0.14812418,0.271925403,0.373019932
12421,0.395623329,0.281028218,0.105350527,0.217997927
12422,0.323331599,0.258180742,0.245572369,0.172915289
12423,0.212230284,0.24386115,0.109896203,0.434012363
12424,0.192460246,0.467290265,0.046481323,0.293768166
12425,0.387124144,0.137562954,0.220818307,0.254494595
12426,0.214477797,0.117364782,0.334432924,0.333724497
12427,0.349226101,0.115508904,0.094219067,0.441045928
12428,0.121625801,0.089756814,0.128257922,0.660359463
12429,0.327372956,0.157314437,0.225361601,0.289951005
12430,0.08754712,0.274315685,0.317001904,0.321135291
12431,0.087097237,0.258344411,0.282674988,0.371883363
12432,0.075644349,0.403620237,0.115062098,0.405673316
12433,0.117262024,0.181674348,0.186900322,0.514163305
12434,0.248063895,0.16089037,0.428549182,0.162496553
12435,0.195218755,0.163277819,0.354366677,0.287136749
12436,0.489260394,0.076307764,0.134959383,0.299472458
12437,0.107826319,0.474658397,0.064658723,0.352856561
12438,0.080194503,0.363209017,0.202122437,0.354474043
12439,0.099404035,0.372087608,0.120197361,0.408310996
12440,0.274537853,0.314733759,0.125461519,0.285266869
12441,0.346093417,0.218602564,0.112771676,0.322532343
12442,0.092344733,0.477588776,0.11713798,0.312928512
12443,0.10965826,0.286394563,0.179558342,0.424388835
12444,0.291144198,0.098560747,0.212202075,0.398092979
12445,0.113319776,0.12983561,0.387324923,0.36951969
12446,0.459734022,0.07139862,0.102809439,0.366057919
12447,0.103612335,0.492510263,0.058771636,0.345105765
12448,0.298657649,0.091987794,0.130252874,0.479101683
12449,0.119083133,0.048954789,0.586253643,0.245708435
12450,0.348915077,0.296688846,0.195864885,0.158531193
12451,0.055899952,0.293975416,0.405365556,0.244759075
12452,0.281613389,0.229244248,0.304017144,0.185125219
12453,0.122504236,0.274131544,0.281119765,0.322244456
12454,0.375189946,0.044163125,0.300100892,0.280546037
12455,0.175157756,0.418461304,0.114868359,0.291512581
12456,0.133571892,0.462154893,0.117967838,0.286305378
12457,0.312991164,0.064831857,0.27701103,0.345165949
12458,0.159239734,0.412546914,0.189665746,0.238547606
12459,0.129568948,0.175181143,0.170446498,0.52480341
12460,0.035479042,0.433326517,0.333314269,0.197880171
12461,0.263266482,0.389129832,0.100662728,0.246940958
12462,0.570223648,0.062932533,0.128126334,0.238717485
12463,0.134222927,0.166105351,0.317201391,0.382470331
12464,0.140143268,0.207617486,0.468570353,0.183668892
12465,0.19162119,0.142079373,0.260275199,0.406024238
12466,0.508248296,0.128721769,0.067192508,0.295837427
12467,0.108527271,0.317855254,0.190749958,0.382867517
12468,0.183047602,0.45407421,0.086074012,0.276804176
12469,0.043905101,0.408441671,0.283309751,0.264343477
12470,0.19819892,0.138867914,0.41253031,0.250402855
12471,0.188151016,0.050785339,0.432730226,0.328333419
12472,0.336129731,0.160563423,0.112191968,0.391114877
12473,0.392382271,0.157635808,0.12131256,0.328669361
12474,0.396491752,0.078617543,0.072051987,0.452838718
12475,0.533618063,0.040472178,0.103959643,0.321950116
12476,0.071025593,0.115349388,0.635007389,0.178617631
12477,0.439642714,0.090986644,0.252138895,0.217231747
12478,0.282290001,0.191539258,0.209554845,0.316615896
12479,0.096860912,0.129711408,0.465913946,0.307513734
12480,0.212411643,0.475119298,0.078627859,0.233841199
12481,0.169095128,0.250849093,0.298314161,0.281741619
12482,0.135479989,0.127648446,0.521235194,0.215636372
12483,0.202612567,0.096796059,0.140213069,0.560378305
12484,0.201716732,0.139979787,0.174262008,0.484041474
12485,0.229391639,0.183619782,0.223355715,0.363632863
12486,0.3192083,0.187771006,0.195559827,0.297460867
12487,0.196311602,0.376306013,0.186538294,0.240844091
12488,0.060627551,0.081466087,0.479341653,0.378564709
12489,0.049052331,0.377427509,0.229270107,0.344250053
12490,0.293928705,0.059483742,0.4078575,0.238730053
12491,0.202798653,0.178551654,0.390321678,0.228328015
12492,0.044501424,0.185642551,0.5297884,0.240067625
12493,0.291781833,0.165512466,0.213102277,0.329603424
12494,0.165963149,0.048056485,0.468848804,0.317131563
12495,0.360244209,0.074761843,0.19102566,0.373968288
12496,0.377534705,0.129939293,0.135224485,0.357301517
12497,0.081128452,0.358709344,0.115822576,0.444339628
12498,0.163418128,0.140762402,0.449074589,0.246744881
12499,0.277291552,0.080301412,0.298989922,0.343417114
12500,0.138280416,0.13539186,0.12136875,0.604958975
12501,0.062769839,0.223033784,0.511819495,0.202376881
12502,0.096292959,0.38014184,0.20175114,0.321814061
12503,0.381530978,0.325529672,0.038145306,0.254794044
12504,0.068053828,0.428187576,0.144535982,0.359222614
12505,0.221648426,0.404102008,0.080027963,0.294221603
12506,0.258580213,0.366923758,0.086515224,0.287980805
12507,0.157077023,0.102223972,0.357055662,0.383643342
12508,0.092828225,0.094692537,0.438900183,0.373579055
12509,0.144764101,0.203474069,0.253779782,0.397982047
12510,0.051486936,0.426964414,0.280893932,0.240654718
12511,0.142875968,0.176803196,0.19828715,0.482033685
12512,0.359608604,0.308308526,0.072183478,0.259899391
12513,0.190487952,0.433499582,0.152097548,0.223914918
12514,0.213798909,0.357940612,0.069112025,0.359148454
12515,0.27232142,0.354168417,0.120001336,0.253508828
12516,0.237260726,0.107437022,0.287474302,0.367827951
12517,0.094899708,0.115313728,0.307650756,0.482135809
12518,0.09086817,0.244982848,0.319436259,0.344712722
12519,0.356672151,0.075292273,0.327276076,0.240759501
12520,0.264104044,0.125390027,0.29295674,0.317549189
12521,0.524544761,0.082828123,0.113372235,0.279254881
12522,0.296242652,0.2236948,0.274350159,0.205712389
12523,0.048920002,0.3597963,0.391493854,0.199789844
12524,0.389747009,0.051847486,0.342562053,0.215843453
12525,0.424607295,0.128543443,0.205054443,0.241794819
12526,0.188700434,0.158763568,0.169154009,0.483381989
12527,0.294151295,0.306197883,0.082268744,0.317382077
12528,0.363855593,0.101105389,0.164899906,0.370139113
12529,0.222318637,0.163094364,0.108407804,0.506179195
12530,0.36193438,0.333165889,0.097990103,0.206909628
12531,0.099573232,0.278592278,0.087870324,0.533964167
12532,0.284631673,0.118911722,0.302852358,0.293604247
12533,0.386923265,0.110676502,0.287378536,0.215021697
12534,0.191327891,0.143230959,0.392932973,0.272508177
12535,0.467476186,0.155126294,0.087437205,0.289960315
12536,0.125624684,0.055055815,0.496172193,0.323147308
12537,0.111568479,0.338501718,0.169735251,0.380194552
12538,0.514371993,0.093292932,0.097706611,0.294628463
12539,0.177963821,0.427700125,0.181886956,0.212449098
12540,0.153122441,0.250823478,0.239256147,0.356797934
12541,0.260216211,0.293125629,0.290134139,0.156524021
12542,0.102683205,0.275426614,0.211758706,0.410131475
12543,0.417799635,0.177484846,0.082640558,0.322074961
12544,0.493204259,0.072438615,0.129624783,0.304732344
12545,0.34176274,0.180621004,0.175980898,0.301635359
12546,0.243364785,0.269784129,0.146346167,0.340504918
12547,0.376680719,0.094973115,0.08391131,0.444434856
12548,0.368917839,0.300679569,0.068684802,0.26171779
12549,0.365756309,0.056919197,0.202110511,0.375213984
12550,0.290758982,0.168971443,0.29749256,0.242777015
12551,0.063693611,0.452465615,0.224048603,0.259792171
12552,0.222718741,0.424603782,0.089307687,0.26336979
12553,0.545851256,0.051320579,0.085949245,0.31687892
12554,0.046556313,0.543411883,0.110425275,0.299606529
12555,0.250189753,0.093334265,0.41791564,0.238560342
12556,0.247787309,0.105599159,0.292516085,0.354097447
12557,0.209238914,0.101420769,0.318789997,0.370550321
12558,0.085192394,0.570484992,0.093076616,0.251245999
12559,0.100247466,0.064733096,0.463522647,0.371496791
12560,0.197240763,0.094769663,0.136136184,0.57185339
12561,0.174232079,0.393028583,0.081460842,0.351278496
12562,0.060558794,0.226953407,0.451291659,0.26119614
12563,0.130398095,0.080910392,0.498637966,0.290053547
12564,0.312860382,0.223360955,0.115196234,0.348582428
12565,0.171704285,0.350422884,0.226051583,0.251821248
12566,0.154710041,0.157434147,0.098053511,0.5898023
12567,0.260638688,0.447582607,0.087351818,0.204426887
12568,0.33170725,0.225143537,0.100266887,0.342882326
12569,0.347168439,0.18439337,0.289075756,0.179362435
12570,0.099895698,0.251167737,0.414790468,0.234146098
12571,0.234434077,0.339659748,0.16045869,0.265447485
12572,0.11125225,0.133241162,0.238519157,0.516987432
12573,0.188179312,0.448326802,0.091693461,0.271800424
12574,0.194509377,0.26510577,0.313278244,0.227106609
12575,0.064108902,0.45215608,0.177896551,0.305838467
12576,0.060075032,0.165866582,0.418982583,0.355075804
12577,0.072233583,0.366780336,0.346436088,0.214549994
12578,0.295751672,0.07172033,0.385767559,0.246760438
12579,0.400336176,0.227733845,0.158575594,0.213354384
12580,0.426528128,0.179492446,0.115595679,0.278383747
12581,0.131110029,0.405542305,0.197087985,0.266259681
12582,0.348878672,0.16294937,0.204899652,0.283272306
12583,0.137010172,0.42260964,0.176781419,0.263598769
12584,0.072393979,0.073161679,0.558415922,0.29602842
12585,0.386489004,0.098798705,0.334426148,0.180286144
12586,0.213159198,0.068655104,0.347586096,0.370599601
12587,0.038311936,0.365273604,0.34405316,0.2523613
12588,0.188917736,0.365446723,0.101712909,0.343922632
12589,0.369643377,0.093859821,0.233471271,0.303025531
12590,0.140972468,0.354738955,0.231975647,0.27231293
12591,0.086244948,0.06600661,0.401781365,0.445967077
12592,0.173723525,0.265839247,0.289104257,0.271332971
12593,0.478389929,0.246920371,0.088226713,0.186462987
12594,0.428465147,0.141270954,0.137041479,0.293222421
12595,0.105082771,0.484207178,0.114689559,0.296020492
12596,0.104112706,0.432517162,0.074490601,0.38887953
12597,0.102167927,0.152662487,0.172004722,0.573164864
12598,0.123046438,0.18389143,0.173635935,0.519426198
12599,0.197864141,0.1081746,0.390307155,0.303654104
12600,0.120125428,0.400464185,0.255974638,0.223435748
12601,0.273313527,0.100651858,0.43935318,0.186681435
12602,0.119105257,0.574186023,0.066616262,0.240092459
12603,0.062692559,0.584349877,0.103943055,0.249014508
12604,0.097574091,0.546510708,0.139578528,0.216336673
12605,0.59743542,0.052147572,0.11490032,0.235516688
12606,0.48583795,0.142478425,0.13746817,0.234215456
12607,0.172685883,0.255358802,0.382943777,0.189011538
12608,0.451826374,0.062422482,0.143374506,0.342376637
12609,0.136621243,0.085054575,0.344164155,0.434160027
12610,0.156053753,0.172911631,0.434900189,0.236134427
12611,0.038966737,0.119450034,0.551545737,0.290037493
12612,0.189046292,0.240451268,0.130700734,0.439801707
12613,0.187636872,0.215484487,0.109073211,0.487805429
12614,0.165915218,0.462105484,0.079918429,0.292060868
12615,0.162188412,0.370439673,0.262865481,0.204506434
12616,0.112119563,0.250127482,0.216083448,0.421669507
12617,0.367999483,0.37578208,0.072482986,0.183735452
12618,0.17719218,0.193082875,0.399292211,0.230432735
12619,0.505944655,0.108757845,0.152631032,0.232666468
12620,0.061211315,0.49361978,0.136866513,0.308302392
12621,0.085354555,0.281954292,0.387919045,0.244772108
12622,0.459333853,0.062940056,0.144626781,0.333099311
12623,0.107028251,0.075131724,0.506153378,0.311686647
12624,0.354029369,0.112570244,0.315520193,0.217880194
12625,0.116888227,0.186278342,0.34918004,0.347653391
12626,0.159069896,0.248321567,0.229635359,0.362973178
12627,0.085431003,0.383815216,0.180828742,0.349925039
12628,0.116898799,0.452435418,0.121794436,0.308871346
12629,0.173752551,0.052230524,0.47878916,0.295227765
12630,0.266410573,0.071289229,0.203895438,0.45840476
12631,0.315469412,0.184334893,0.321549407,0.178646289
12632,0.420932882,0.204658809,0.162977463,0.211430846
12633,0.066140537,0.548971748,0.068977265,0.31591045
12634,0.27079321,0.045706991,0.402716315,0.280783484
12635,0.124060815,0.095221945,0.376199411,0.404517829
12636,0.312500449,0.262505279,0.126884187,0.298110085
12637,0.224994981,0.092664766,0.210258784,0.472081469
12638,0.048361476,0.213309828,0.345077409,0.393251287
12639,0.171989066,0.410539174,0.116768849,0.300702911
12640,0.423091488,0.233857634,0.183020179,0.160030699
12641,0.047858588,0.14795276,0.580296455,0.223892197
12642,0.125431502,0.254811377,0.141811489,0.477945633
12643,0.458723632,0.081565523,0.21324843,0.246462416
12644,0.105150453,0.182019045,0.312594526,0.400235976
12645,0.412987911,0.164236852,0.160423719,0.262351518
12646,0.098537031,0.133978392,0.483726869,0.283757708
12647,0.095063284,0.263457478,0.348652011,0.292827227
12648,0.153742905,0.417401145,0.173398427,0.255457522
12649,0.111748742,0.445196354,0.119856826,0.323198078
12650,0.218931637,0.176852832,0.116684415,0.487531116
12651,0.163111101,0.138427312,0.339611107,0.358850481
12652,0.302947055,0.261937409,0.251499801,0.183615736
12653,0.123871659,0.089998511,0.310926464,0.475203366
12654,0.233087235,0.040692077,0.491506212,0.234714477
12655,0.219161128,0.380407209,0.072096553,0.32833511
12656,0.448619121,0.278698027,0.117331463,0.155351389
12657,0.058841423,0.600629677,0.056531063,0.283997838
12658,0.427148563,0.124377823,0.229655214,0.2188184
12659,0.177141708,0.124343322,0.15972227,0.5387927
12660,0.386997169,0.311844654,0.107691154,0.193467023
12661,0.117364337,0.492059415,0.08154677,0.309029479
12662,0.299964362,0.063246974,0.292354775,0.344433889
12663,0.103863838,0.368861923,0.097198635,0.430075603
12664,0.254298446,0.260777086,0.127718354,0.357206114
12665,0.434072262,0.055006211,0.252998802,0.257922725
12666,0.363835786,0.334294468,0.045918087,0.255951659
12667,0.43380484,0.241438948,0.077869149,0.246887063
12668,0.080109894,0.160095676,0.496240093,0.263554337
12669,0.119973458,0.372892053,0.144861764,0.362272725
12670,0.131715266,0.17872744,0.211637933,0.477919361
12671,0.08346821,0.109657119,0.369643038,0.437231633
12672,0.177086897,0.409301935,0.269065573,0.144545596
12673,0.149818847,0.181040315,0.222726454,0.446414384
12674,0.397427832,0.278432036,0.16924997,0.154890162
12675,0.442009906,0.238707411,0.083841974,0.235440708
12676,0.235570039,0.132536656,0.308673697,0.323219608
12677,0.11085764,0.116741349,0.231780597,0.540620414
12678,0.220113987,0.350343083,0.281910472,0.147632458
12679,0.107636528,0.21649401,0.434458682,0.241410781
12680,0.067440399,0.551985669,0.078947498,0.301626433
12681,0.144273446,0.110788869,0.297697981,0.447239705
12682,0.177222257,0.252885069,0.138352577,0.431540097
12683,0.296070635,0.084551545,0.109760005,0.509617815
12684,0.525217113,0.094984965,0.141464628,0.238333294
12685,0.408564394,0.070080472,0.216267383,0.305087751
12686,0.048297544,0.303598703,0.367571703,0.28053205
12687,0.553856369,0.063706965,0.07706076,0.305375906
12688,0.377523275,0.074126421,0.353498913,0.19485139
12689,0.186934275,0.112804826,0.355943286,0.344317613
12690,0.110707264,0.48725573,0.122650531,0.279386474
12691,0.263833981,0.299463453,0.077236504,0.359466062
12692,0.04446577,0.447930108,0.20460946,0.302994662
12693,0.394346945,0.288894323,0.062837191,0.253921541
12694,0.345116802,0.379990617,0.086453893,0.188438688
12695,0.388562244,0.133120666,0.271103658,0.207213432
12696,0.318990041,0.420162285,0.073687617,0.187160056
12697,0.066863689,0.100430269,0.490866745,0.341839297
12698,0.193204024,0.29511632,0.243493577,0.268186078
12699,0.230428065,0.390686521,0.187959309,0.190926105
12700,0.191709867,0.373465528,0.230223655,0.20460095
12701,0.478437175,0.137928564,0.096121253,0.287513008
12702,0.115555794,0.118076017,0.167004465,0.599363724
12703,0.081630198,0.479526112,0.100917918,0.337925771
12704,0.405680527,0.321173178,0.136902941,0.136243354
12705,0.082190934,0.511323748,0.130765852,0.275719466
12706,0.148258692,0.332084824,0.256106836,0.263549648
12707,0.175996284,0.430578074,0.08403269,0.309392951
12708,0.126224776,0.415140507,0.134406564,0.324228153
12709,0.130744872,0.259097467,0.332117394,0.278040267
12710,0.094388484,0.119327179,0.268114828,0.51816951
12711,0.351244476,0.073281819,0.156537203,0.418936501
12712,0.517490647,0.193540517,0.083342768,0.205626068
12713,0.078977502,0.416204064,0.24837822,0.256440214
12714,0.224010706,0.0637602,0.37790876,0.334320333
12715,0.120715121,0.368546396,0.087518032,0.42322045
12716,0.061728345,0.14408888,0.525486429,0.268696346
12717,0.541598667,0.076576603,0.050911263,0.330913467
12718,0.349196766,0.144374928,0.192503537,0.313924768
12719,0.433555058,0.214088138,0.070859645,0.281497159
12720,0.108953542,0.230035278,0.175768735,0.485242445
12721,0.184359783,0.074482587,0.403189011,0.337968619
12722,0.037236615,0.196922467,0.54921677,0.216624148
12723,0.280003536,0.071160184,0.366426629,0.282409651
12724,0.5379124,0.073343971,0.10358471,0.285158919
12725,0.096069454,0.488694075,0.144757258,0.270479213
12726,0.21290534,0.07943637,0.268298169,0.439360121
12727,0.14395784,0.075959645,0.489750211,0.290332303
12728,0.508426161,0.09358227,0.08693161,0.311059958
12729,0.357370798,0.131452282,0.174315424,0.336861496
12730,0.158879798,0.220572754,0.10514559,0.515401857
12731,0.505624491,0.123016897,0.103018126,0.268340486
12732,0.170090804,0.108661043,0.232087166,0.489160987
12733,0.309945622,0.30174547,0.190782849,0.197526059
12734,0.176244332,0.29878319,0.310684825,0.214287653
12735,0.046742079,0.071823895,0.598413516,0.28302051
12736,0.559215949,0.081534454,0.063988695,0.295260903
12737,0.066412828,0.064423045,0.507626583,0.361537544
12738,0.367797909,0.067923611,0.150452988,0.413825492
12739,0.126172924,0.212067192,0.367659461,0.294100423
12740,0.130942857,0.489622578,0.073652709,0.305781855
12741,0.45383423,0.13830435,0.085148744,0.322712676
12742,0.218715216,0.242050417,0.363822255,0.175412112
12743,0.335392415,0.076806001,0.293249519,0.294552065
12744,0.510692756,0.235191573,0.050314137,0.203801534
12745,0.338091359,0.105263462,0.185815365,0.370829813
12746,0.245903653,0.086980122,0.410307523,0.256808702
12747,0.402459822,0.054546497,0.344567633,0.198426047
12748,0.07047082,0.512213402,0.152813113,0.264502666
12749,0.410032182,0.234581069,0.047923513,0.307463237
12750,0.295834678,0.251707232,0.269805931,0.182652158
12751,0.188676583,0.204243956,0.082775562,0.524303899
12752,0.167128079,0.273200621,0.072036271,0.487635029
12753,0.121711251,0.336771997,0.090522209,0.450994543
12754,0.124873991,0.54444684,0.072535825,0.258143344
12755,0.055965995,0.083897563,0.51489571,0.345240733
12756,0.120661682,0.295490336,0.406669,0.177178982
12757,0.366936429,0.335351796,0.094372183,0.203339592
12758,0.503522773,0.086573738,0.097189167,0.312714322
12759,0.124324334,0.079134893,0.163135448,0.633405325
12760,0.210848543,0.478287338,0.04189418,0.268969939
12761,0.118983637,0.14318073,0.464781984,0.273053649
12762,0.103907108,0.404061628,0.106458062,0.385573201
12763,0.378216751,0.054538981,0.327073886,0.240170382
12764,0.208948514,0.110535342,0.312680745,0.367835399
12765,0.441123116,0.207312277,0.092399349,0.259165258
12766,0.229674763,0.264548049,0.126490341,0.379286848
12767,0.384346609,0.102263136,0.116473223,0.396917032
12768,0.225816865,0.419475614,0.10644066,0.248266862
12769,0.161148687,0.531477751,0.067949704,0.239423858
12770,0.103688324,0.508063918,0.046491479,0.341756279
12771,0.26383156,0.224051102,0.313558092,0.198559245
12772,0.386801605,0.060787097,0.359347654,0.193063644
12773,0.548368183,0.082898245,0.096432125,0.272301446
12774,0.265536903,0.268721826,0.228035577,0.237705693
12775,0.243629645,0.41121418,0.062880307,0.282275868
12776,0.233052528,0.16399983,0.322704587,0.280243054
12777,0.467815936,0.090040276,0.156284202,0.285859586
12778,0.219135385,0.217382636,0.359564523,0.203917457
12779,0.130887278,0.210216979,0.276778715,0.382117028
12780,0.371916698,0.217423801,0.237939214,0.172720288
12781,0.374725498,0.04932199,0.292908039,0.283044473
12782,0.132768846,0.170003646,0.158212513,0.539014994
12783,0.09140261,0.23839529,0.385322341,0.28487976
12784,0.30682632,0.226473798,0.168401588,0.298298294
12785,0.086832104,0.463774721,0.084081038,0.365312137
12786,0.172640742,0.3142831,0.11741933,0.395656828
12787,0.461000808,0.102802635,0.233452625,0.202743932
12788,0.507482332,0.160670876,0.051388604,0.280458188
12789,0.040173295,0.332424571,0.456525611,0.170876523
12790,0.08950163,0.11532526,0.479070409,0.316102701
12791,0.081724426,0.143861197,0.167686182,0.606728195
12792,0.294076793,0.231021052,0.264822606,0.210079549
12793,0.089127598,0.071578759,0.440941097,0.398352546
12794,0.065998286,0.50602978,0.123846084,0.30412585
12795,0.35089912,0.058263605,0.340442078,0.250395197
12796,0.200925787,0.322663511,0.070747697,0.405663005
12797,0.305997654,0.290410333,0.255160792,0.148431221
12798,0.401371485,0.073146228,0.219038392,0.306443896
12799,0.278418515,0.463978204,0.049148776,0.208454505
12800,0.410583136,0.030280351,0.363945015,0.195191497
12801,0.409396887,0.198301714,0.197129005,0.195172394
12802,0.502929953,0.144140635,0.086555079,0.266374333
12803,0.354484965,0.051506469,0.324948512,0.269060054
12804,0.227961789,0.434480646,0.081744339,0.255813227
12805,0.1261327,0.107526368,0.349919748,0.416421184
12806,0.465299172,0.207921424,0.074296286,0.252483119
12807,0.081667142,0.068798995,0.503363444,0.346170419
12808,0.076567606,0.436269347,0.11426599,0.372897057
12809,0.13489633,0.033912407,0.597771117,0.233420146
12810,0.161739148,0.238636439,0.081204933,0.51841948
12811,0.036624425,0.225683656,0.502725051,0.234966868
12812,0.155030123,0.352713594,0.118457295,0.373798987
12813,0.142093238,0.086906522,0.421324821,0.34967542
12814,0.071144013,0.286464597,0.325108355,0.317283035
12815,0.139025348,0.499980067,0.137722902,0.223271682
12816,0.080248542,0.13401162,0.194621335,0.591118503
12817,0.120823776,0.372029379,0.336046946,0.171099899
12818,0.340677564,0.348633257,0.065830885,0.244858294
12819,0.044074702,0.344008999,0.400417699,0.2114986
12820,0.220387255,0.185392122,0.285158577,0.309062046
12821,0.275755055,0.146546236,0.25534386,0.322354849
12822,0.074470516,0.254009108,0.421767846,0.249752529
12823,0.307920753,0.343406149,0.078927834,0.269745264
12824,0.292848265,0.067874453,0.261713604,0.377563677
12825,0.178036119,0.12953472,0.488163243,0.204265918
12826,0.227656826,0.104471128,0.240583415,0.427288631
12827,0.098701319,0.083863699,0.487309252,0.33012573
12828,0.314270533,0.380685427,0.03486021,0.27018383
12829,0.217260939,0.204697434,0.403483632,0.174557995
12830,0.114177801,0.04999171,0.521596093,0.314234396
12831,0.06432391,0.564222667,0.15558539,0.215868033
12832,0.31094485,0.095795051,0.096348679,0.496911419
12833,0.091432002,0.432850726,0.195129905,0.280587368
12834,0.090594868,0.479180202,0.169883876,0.260341054
12835,0.397862582,0.105339881,0.205358946,0.291438591
12836,0.092163304,0.256551816,0.217821575,0.433463305
12837,0.075318637,0.119786687,0.378234749,0.426659927
12838,0.222658008,0.44640763,0.145607931,0.18532643
12839,0.142218294,0.390904161,0.099425025,0.36745252
12840,0.080215084,0.325018748,0.14911303,0.445653138
12841,0.105434276,0.35888079,0.072477333,0.463207601
12842,0.425249553,0.172022498,0.148022832,0.254705117
12843,0.108579935,0.447039626,0.19766689,0.246713549
12844,0.33354661,0.101344695,0.382668217,0.182440477
12845,0.232693168,0.093340772,0.172181872,0.501784188
12846,0.055906984,0.350441057,0.257707902,0.335944057
12847,0.082172567,0.284411426,0.237353703,0.396062305
12848,0.327939752,0.138289557,0.327535861,0.20623483
12849,0.227881913,0.371778807,0.231262262,0.169077018
12850,0.569026246,0.045721003,0.068986451,0.3162663
12851,0.133564676,0.37069677,0.225570887,0.270167667
12852,0.414215292,0.140766224,0.211867216,0.233151268
12853,0.344935603,0.07814186,0.364404525,0.212518013
12854,0.398283826,0.114138746,0.283169633,0.204407794
12855,0.351606426,0.11150532,0.209085561,0.327802694
12856,0.142968306,0.110598962,0.17604178,0.570390953
12857,0.311775519,0.102696131,0.246151516,0.339376834
12858,0.070290844,0.064276937,0.566840884,0.298591335
12859,0.084752557,0.423797957,0.225692113,0.265757373
12860,0.115559358,0.153898629,0.088918585,0.641623428
12861,0.069713966,0.083944887,0.560404355,0.285936792
12862,0.146319236,0.109717819,0.340488352,0.403474592
12863,0.06638058,0.116391205,0.513394781,0.303833434
12864,0.172357593,0.173017813,0.437915546,0.216709048
12865,0.209252358,0.461215468,0.080086659,0.249445515
12866,0.143672486,0.146120228,0.189969558,0.520237728
12867,0.065071134,0.325463807,0.255717256,0.353747804
12868,0.162310486,0.296493598,0.089504161,0.451691755
12869,0.151783376,0.050031891,0.546287609,0.251897124
12870,0.096719074,0.475418929,0.105199536,0.322662461
12871,0.10561695,0.447070749,0.184693612,0.262618689
12872,0.280976052,0.205285166,0.166385474,0.347353307
12873,0.311585736,0.280326612,0.125152153,0.282935499
12874,0.103816152,0.110637025,0.587833411,0.197713412
12875,0.074961849,0.448450339,0.173631361,0.302956451
12876,0.091550151,0.429178977,0.128506071,0.350764801
12877,0.336502375,0.274882019,0.108591602,0.280024003
12878,0.117780912,0.108146752,0.388906229,0.385166107
12879,0.220550493,0.426471398,0.178415613,0.174562496
12880,0.160386822,0.355360555,0.094331423,0.3899212
12881,0.04463205,0.460356398,0.286224087,0.208787464
12882,0.121007808,0.412928937,0.087224607,0.378838649
12883,0.150347326,0.128673248,0.413331054,0.307648372
12884,0.323024982,0.322259414,0.177957125,0.176758479
12885,0.177035574,0.120171766,0.136993927,0.565798734
12886,0.394485605,0.248675934,0.113575424,0.243263037
12887,0.254396309,0.089377955,0.378523001,0.277702735
12888,0.127249311,0.311406303,0.333597726,0.22774666
12889,0.309737006,0.27634892,0.177613498,0.236300577
12890,0.32177904,0.160249501,0.096120922,0.421850537
12891,0.131111576,0.399841924,0.248195873,0.220850627
12892,0.144150199,0.220441788,0.451666007,0.183742005
12893,0.185988003,0.122492722,0.143340533,0.548178742
12894,0.184536073,0.138400244,0.119008111,0.558055573
12895,0.204738541,0.273878289,0.197705666,0.323677505
12896,0.427225874,0.225297317,0.062027879,0.285448931
12897,0.226487298,0.290086979,0.133835337,0.349590385
12898,0.079163699,0.04530678,0.553043438,0.322486083
12899,0.167041187,0.457285513,0.132729331,0.242943969
12900,0.394952621,0.113657635,0.335128427,0.156261318
12901,0.468497321,0.074259146,0.129239293,0.32800424
12902,0.162381467,0.299784835,0.16921112,0.368622579
12903,0.169228712,0.259931563,0.187799065,0.38304066
12904,0.104982131,0.16194679,0.268055638,0.46501544
12905,0.37397211,0.186246979,0.166596315,0.273184596
12906,0.224777316,0.143618509,0.115612738,0.515991437
12907,0.084327936,0.118414167,0.222471591,0.574786306
12908,0.145740476,0.184268687,0.084767808,0.585223029
12909,0.343227494,0.153771521,0.103194918,0.399806067
12910,0.283014806,0.410921162,0.05156081,0.254503223
12911,0.16756878,0.17914102,0.292471832,0.360818368
12912,0.443007674,0.144701941,0.085413914,0.326876471
12913,0.085231164,0.489924356,0.146107284,0.278737197
12914,0.158592642,0.15597065,0.298436215,0.387000492
12915,0.088138744,0.41641345,0.122040249,0.373407558
12916,0.237067679,0.137211094,0.086772794,0.538948433
12917,0.37984643,0.399360725,0.044400254,0.176392592
12918,0.154037046,0.089056066,0.476847005,0.280059882
12919,0.104493645,0.470458609,0.064645118,0.360402628
12920,0.13693757,0.541729565,0.063868066,0.257464799
12921,0.454907098,0.047341172,0.179301606,0.318450124
12922,0.103883336,0.088825082,0.24146939,0.565822192
12923,0.348041016,0.061244056,0.295185527,0.2955294
12924,0.409647252,0.189368732,0.099284599,0.301699416
12925,0.225658702,0.214651721,0.251469829,0.308219748
12926,0.284147323,0.247516696,0.136927684,0.331408297
12927,0.102020011,0.547503466,0.185287545,0.165188978
12928,0.064182014,0.273094367,0.275603166,0.387120452
12929,0.032580502,0.389376555,0.36455182,0.213491123
12930,0.54833814,0.075604973,0.096984444,0.279072444
12931,0.102369043,0.207439161,0.168676597,0.521515199
12932,0.489202335,0.076806604,0.094476791,0.339514271
12933,0.111617789,0.19515633,0.19381351,0.499412371
12934,0.117916467,0.59721082,0.053691033,0.231181679
12935,0.068664149,0.51638278,0.070101105,0.344851966
12936,0.074147541,0.558320194,0.140943826,0.226588438
12937,0.195692609,0.302412385,0.265023399,0.236871607
12938,0.082549355,0.511495083,0.210764868,0.195190694
12939,0.334055248,0.129350753,0.291988226,0.244605772
12940,0.161657087,0.107097747,0.345266458,0.385978708
12941,0.091089143,0.489339424,0.081285851,0.338285582
12942,0.140022719,0.067902358,0.594050119,0.198024804
12943,0.081274138,0.23141509,0.227410798,0.459899974
12944,0.416269579,0.119739984,0.167283932,0.296706506
12945,0.079755248,0.311195818,0.264849266,0.344199668
12946,0.066008733,0.375335352,0.185380556,0.373275359
12947,0.377275571,0.173252719,0.159844472,0.289627238
12948,0.23752907,0.262405719,0.063277602,0.436787609
12949,0.17949031,0.404970184,0.103927118,0.311612389
12950,0.069183523,0.380873081,0.353875787,0.196067609
12951,0.058969274,0.276105229,0.356877237,0.308048259
12952,0.466485837,0.114420752,0.070393938,0.348699473
12953,0.322792789,0.099984243,0.29645774,0.280765228
12954,0.237573956,0.160131638,0.117047257,0.485247149
12955,0.10160663,0.54510256,0.102692315,0.250598495
12956,0.427703708,0.07771083,0.274913279,0.219672183
12957,0.122310083,0.432059992,0.255564963,0.190064962
12958,0.252932091,0.374541717,0.06376934,0.308756852
12959,0.130752505,0.393253404,0.173402699,0.302591391
12960,0.455801299,0.244640957,0.044831624,0.254726119
12961,0.132391796,0.265646846,0.184961944,0.416999414
12962,0.173233584,0.129595548,0.478008343,0.219162525
12963,0.300815017,0.090990507,0.200113996,0.408080481
12964,0.259186664,0.085156944,0.192280109,0.463376283
12965,0.184685054,0.051642088,0.479752208,0.28392065
12966,0.270213254,0.429831242,0.048320085,0.251635419
12967,0.132854555,0.203156982,0.182493151,0.481495312
12968,0.212111496,0.094680505,0.301014753,0.392193247
12969,0.282651349,0.478306516,0.04095923,0.198082905
12970,0.231699159,0.194435417,0.127840873,0.446024551
12971,0.236449721,0.230394213,0.098187948,0.434968118
12972,0.486450953,0.272537592,0.034240283,0.206771172
12973,0.442710871,0.115408143,0.141286703,0.300594284
12974,0.118590397,0.348551376,0.279368666,0.253489561
12975,0.222379313,0.10224828,0.291132395,0.384240012
12976,0.278668104,0.064925114,0.444137258,0.212269524
12977,0.407549067,0.0538315,0.139104787,0.399514646
12978,0.517490647,0.193540517,0.083342768,0.205626068
12979,0.078977502,0.416204064,0.24837822,0.256440214
12980,0.224010706,0.0637602,0.37790876,0.334320333
12981,0.120715121,0.368546396,0.087518032,0.42322045
12982,0.061728345,0.14408888,0.525486429,0.268696346
12983,0.541598667,0.076576603,0.050911263,0.330913467
12984,0.349196766,0.144374928,0.192503537,0.313924768
12985,0.433555058,0.214088138,0.070859645,0.281497159
12986,0.108953542,0.230035278,0.175768735,0.485242445
12987,0.184359783,0.074482587,0.403189011,0.337968619
12988,0.037236615,0.196922467,0.54921677,0.216624148
12989,0.280003536,0.071160184,0.366426629,0.282409651
12990,0.5379124,0.073343971,0.10358471,0.285158919
12991,0.096069454,0.488694075,0.144757258,0.270479213
12992,0.21290534,0.07943637,0.268298169,0.439360121
12993,0.14395784,0.075959645,0.489750211,0.290332303
12994,0.508426161,0.09358227,0.08693161,0.311059958
12995,0.357370798,0.131452282,0.174315424,0.336861496
12996,0.158879798,0.220572754,0.10514559,0.515401857
12997,0.325066741,0.073200219,0.101342526,0.500390514
12998,0.08981245,0.35790285,0.331352072,0.220932628
12999,0.210129092,0.18173451,0.256318681,0.351817716
13000,0.049401165,0.598123765,0.125191916,0.227283154
13001,0.273962548,0.103364161,0.390969048,0.231704243
13002,0.464839691,0.13800121,0.152287048,0.244872051
13003,0.409393981,0.079179099,0.296140107,0.215286813
13004,0.152332371,0.491924655,0.090529534,0.26521344
13005,0.086078515,0.582170147,0.071877811,0.259873527
13006,0.428805909,0.161517071,0.143306016,0.266371004
13007,0.058782722,0.245244443,0.459930377,0.236042458
13008,0.090594059,0.178352738,0.195393968,0.535659235
13009,0.141054647,0.575992719,0.041039318,0.241913316
13010,0.055843991,0.056519033,0.456675407,0.430961569
13011,0.080058609,0.531775168,0.206447616,0.181718607
13012,0.35827458,0.256273826,0.188151776,0.197299819
13013,0.235167733,0.149681759,0.108641148,0.506509359
13014,0.257901464,0.201865349,0.184172904,0.356060283
13015,0.317349854,0.248646874,0.07453255,0.359470723
13016,0.125182749,0.262915418,0.406025684,0.205876149
13017,0.504058075,0.219699073,0.082154374,0.194088478
13018,0.11620238,0.379879086,0.065268055,0.438650479
13019,0.329032678,0.139560666,0.330229497,0.201177159
13020,0.132605029,0.109943656,0.187111406,0.57033991
13021,0.110147796,0.246371888,0.173089622,0.470390694
13022,0.182657636,0.43457447,0.050065298,0.332702595
13023,0.0674797,0.348542281,0.442816302,0.141161717
13024,0.048024483,0.045859679,0.608156308,0.29795953
13025,0.220155842,0.180695879,0.104208275,0.494940004
13026,0.146681142,0.084078976,0.429840609,0.339399273
13027,0.163648466,0.298457783,0.366713653,0.171180097
13028,0.415803973,0.065699973,0.290653913,0.227842141
13029,0.089767505,0.302411968,0.434814378,0.173006149
13030,0.237938717,0.122466043,0.101996546,0.537598694
13031,0.162196603,0.23876225,0.240078196,0.358962951
13032,0.073889228,0.346617498,0.221719421,0.357773853
13033,0.222465271,0.060938904,0.261904039,0.454691785
13034,0.342073113,0.07343898,0.34389304,0.240594867
13035,0.148569638,0.152628218,0.162723119,0.536079025
13036,0.078705221,0.107296738,0.19730507,0.616692972
13037,0.041778346,0.298518095,0.400567818,0.259135741
13038,0.108253109,0.460215536,0.164748921,0.266782435
13039,0.034646058,0.298697988,0.380843789,0.285812165
13040,0.222455935,0.058944608,0.400452432,0.318147025
13041,0.250759196,0.247001573,0.283673481,0.218565749
13042,0.123876363,0.107864218,0.314363671,0.453895748
13043,0.077790391,0.458145771,0.131005303,0.333058535
13044,0.078631197,0.472754708,0.149135515,0.29947858
13045,0.115606748,0.111635783,0.147835794,0.624921675
13046,0.448537903,0.092973714,0.172328632,0.286159751
13047,0.465514572,0.168618759,0.069366651,0.296500017
13048,0.464255796,0.23223305,0.048292601,0.255218554
13049,0.081721001,0.389756829,0.263712437,0.264809733
13050,0.095693558,0.11762744,0.441810782,0.34486822
13051,0.342177899,0.066534329,0.188834391,0.402453381
13052,0.25583386,0.418458249,0.050018312,0.275689579
13053,0.082216787,0.262934775,0.177726087,0.47712235
13054,0.37919763,0.052092968,0.232360354,0.336349047
13055,0.407139369,0.116858258,0.065382005,0.410620367
13056,0.23571517,0.179790497,0.117040702,0.467453631
13057,0.473949635,0.053909987,0.115070821,0.357069557
13058,0.141026711,0.334658316,0.122586536,0.401728436
13059,0.12355224,0.126294704,0.410837522,0.339315533
13060,0.359373626,0.113275101,0.075777477,0.451573796
13061,0.135497407,0.319790208,0.204841035,0.33987135
13062,0.374359293,0.069427418,0.320548396,0.235664893
13063,0.144075613,0.051741287,0.413970705,0.390212395
13064,0.176526268,0.127019441,0.355274197,0.341180093
13065,0.3378433,0.285762086,0.157188236,0.219206378
13066,0.158100687,0.11210783,0.469063579,0.260727903
13067,0.122516238,0.483542262,0.079034194,0.314907306
13068,0.263198777,0.15386378,0.222043258,0.360894185
13069,0.494999645,0.096133178,0.199739378,0.209127799
13070,0.099110697,0.545303361,0.062423701,0.293162242
13071,0.130425073,0.076920216,0.283705376,0.508949336
13072,0.069343819,0.087123566,0.420669782,0.422862833
13073,0.210212364,0.252197922,0.120136067,0.417453647
13074,0.1640527,0.250427526,0.10011193,0.485407844
13075,0.043291165,0.486492895,0.186409019,0.283806921
13076,0.298323789,0.161937501,0.336732813,0.203005898
13077,0.155752916,0.06196379,0.38548902,0.396794274
13078,0.044232253,0.455735827,0.255861356,0.244170564
13079,0.104530675,0.138346318,0.480616734,0.276506273
13080,0.416174747,0.204543073,0.104660265,0.274621915
13081,0.082223214,0.293143278,0.238831949,0.38580156
13082,0.579955493,0.065149697,0.088935568,0.265959241
13083,0.078070858,0.43181216,0.28039022,0.209726762
13084,0.091280884,0.476824228,0.101965916,0.329928972
13085,0.217897473,0.110143722,0.282458068,0.389500738
13086,0.126693479,0.562985313,0.044983235,0.265337974
13087,0.538182534,0.158957348,0.040690818,0.2621693
13088,0.042723975,0.075794446,0.586140156,0.295341424
13089,0.226548439,0.393408951,0.152724084,0.227318526
13090,0.156256224,0.099899475,0.159545532,0.584298769
13091,0.046199197,0.494363635,0.269028308,0.190408859
13092,0.114179093,0.176991176,0.47286695,0.235962782
13093,0.521060872,0.082993428,0.116621464,0.279324236
13094,0.143354373,0.07800688,0.366461033,0.412177714
13095,0.118738635,0.150853612,0.21320911,0.517198643
13096,0.172362729,0.422443662,0.209448875,0.195744734
