No,Ch1,Ch2,Ch3,Ch412351,0.141454093,0.449608649,0.198773052,0.21016420612352,0.069849829,0.265369221,0.488470689,0.17631026212353,0.387684301,0.20002224,0.235782655,0.17651080312354,0.243683835,0.278065691,0.067041069,0.41120940512355,0.078237336,0.157564246,0.509997945,0.25420047412356,0.270772503,0.119083073,0.45380505,0.15633937412357,0.563566239,0.061540052,0.057551802,0.31734190712358,0.161655028,0.135166978,0.394040483,0.30913751212359,0.365134797,0.187789191,0.160695256,0.28638075512360,0.476052338,0.088309209,0.183780403,0.2518580512361,0.19047727,0.25925435,0.156772123,0.39349625712362,0.211261975,0.28472187,0.180897987,0.32311816812363,0.471512644,0.225658604,0.102231635,0.20059711712364,0.147875197,0.48906781,0.107058153,0.25599884112365,0.072678753,0.437786805,0.082253134,0.40728130812366,0.098458251,0.402015411,0.283860558,0.2156657812367,0.170133174,0.100895114,0.324939595,0.40403211712368,0.497456016,0.090119202,0.051001082,0.36142370112369,0.131550521,0.042574631,0.574521791,0.25135305612370,0.396975222,0.128599028,0.258383222,0.21604252812371,0.121009982,0.097053609,0.40035608,0.38158032912372,0.212331271,0.135859983,0.228678637,0.42313010912373,0.203632177,0.105228658,0.46711179,0.22402737512374,0.157574722,0.082487747,0.333322414,0.42661511712375,0.119967298,0.269694175,0.430247737,0.1800907912376,0.06012598,0.509417138,0.117962768,0.31249411312377,0.11097291,0.236377813,0.094507246,0.55814203212378,0.107292346,0.041715808,0.561404796,0.2895870512379,0.213937807,0.439774442,0.105068358,0.24121939312380,0.245435076,0.428899443,0.065303968,0.26036151312381,0.063009316,0.224385417,0.467357322,0.24524794412382,0.081729449,0.329776895,0.240186793,0.34830686312383,0.09732701,0.41612056,0.122786487,0.36376594212384,0.139923463,0.191413973,0.273588628,0.39507393512385,0.085290972,0.268681943,0.401757358,0.24426972812386,0.394961439,0.283179341,0.073311244,0.24854797612387,0.044871727,0.39489305,0.244686509,0.31554871412388,0.484686006,0.120479229,0.224920404,0.16991436112389,0.150143578,0.379712447,0.297310807,0.17283316712390,0.193895343,0.115232667,0.125993199,0.56487879112391,0.077726364,0.099334831,0.478101336,0.3448374712392,0.3094515,0.186420478,0.167814127,0.33631389512393,0.16360042,0.247531021,0.104387221,0.48448133812394,0.199700091,0.088090901,0.259076399,0.4531326112395,0.089664774,0.12617883,0.446951955,0.33720444112396,0.068203731,0.274339715,0.316561123,0.34089543112397,0.457975383,0.04836776,0.245595342,0.24806151512398,0.155461975,0.206508141,0.310357754,0.3276721312399,0.223406478,0.460023928,0.044941136,0.27162845912400,0.149642788,0.080327985,0.258212418,0.51181680912401,0.114977178,0.192812877,0.097471654,0.59473829112402,0.117380618,0.101888231,0.307095913,0.47363523712403,0.166413272,0.089137085,0.235686759,0.50876288412404,0.107741502,0.079850583,0.391804836,0.42060307912405,0.163432705,0.319767302,0.217300105,0.29949988812406,0.393232722,0.321836318,0.098038095,0.18689286612407,0.293283545,0.07816549,0.436081416,0.19246954812408,0.331545133,0.235618537,0.196640573,0.23619575712409,0.42683033,0.336443371,0.061640888,0.17508541112410,0.127458325,0.472040197,0.056670685,0.34383079312411,0.506871943,0.060044475,0.177786325,0.25529725812412,0.082810875,0.246379381,0.434887233,0.23592251112413,0.077405303,0.282565715,0.480798702,0.1592302812414,0.272733548,0.105177477,0.2223029,0.39978607512415,0.511964814,0.112452378,0.114162718,0.2614200912416,0.57914376,0.062114675,0.085334669,0.27340689612417,0.233775309,0.101066814,0.118038894,0.54711898412418,0.288124407,0.42183772,0.044920511,0.24511736212419,0.211228368,0.127783719,0.091274234,0.5697136812420,0.193757365,0.125472256,0.272508456,0.40826192312421,0.419529503,0.28469162,0.110832757,0.1849461212422,0.322181157,0.233355195,0.27072119,0.17374245812423,0.221919702,0.242982583,0.114303566,0.42079414812424,0.196804031,0.453305447,0.047490052,0.3024004712425,0.392522541,0.131354038,0.211424798,0.26469862212426,0.23314858,0.127928215,0.340095352,0.29882785412427,0.353227395,0.107021644,0.084085389,0.45566557312428,0.115238401,0.083182034,0.119284199,0.68229536612429,0.34339718,0.158002746,0.220725414,0.2778746612430,0.088754445,0.267619672,0.320191415,0.32343446812431,0.100869052,0.266592347,0.308774997,0.32376360412432,0.074749202,0.396206486,0.113249778,0.41579453312433,0.110675753,0.173233383,0.172131398,0.54395946612434,0.243170448,0.155978167,0.43547104,0.16538034512435,0.19403425,0.163299003,0.362290109,0.28037663812436,0.542882789,0.070525781,0.130569543,0.25602188812437,0.108106703,0.461237442,0.064210511,0.36644534412438,0.076162651,0.35711125,0.193347693,0.37337840512439,0.090082162,0.357023382,0.115499294,0.43739516312440,0.27364797,0.3115762,0.121454463,0.29332136712441,0.357555872,0.244117729,0.127253257,0.27107314212442,0.095699078,0.464784316,0.132243296,0.3072733112443,0.128254003,0.302347866,0.202145205,0.36725292612444,0.293761695,0.099145201,0.214792583,0.39230052112445,0.105100621,0.124560998,0.354663316,0.41567506512446,0.430498237,0.067513765,0.100670676,0.40131732312447,0.098309102,0.50048486,0.057954973,0.34325106512448,0.293413263,0.088846217,0.12745514,0.4902853812449,0.116108055,0.048189675,0.579294573,0.25640769612450,0.336177501,0.304100522,0.21513414,0.14458783712451,0.067073624,0.302261687,0.382802645,0.24786204412452,0.28389191,0.239596607,0.328107234,0.14840424912453,0.124156146,0.263104834,0.273630771,0.3391082512454,0.391293175,0.052615339,0.314194498,0.24189698712455,0.165015658,0.403267487,0.113796356,0.31792049912456,0.130207637,0.494003113,0.113836657,0.26195259212457,0.31377084,0.06303782,0.277193074,0.34599826612458,0.141124974,0.420316392,0.189114217,0.24944441712459,0.130443573,0.157940739,0.173045069,0.53857061812460,0.033099024,0.429636826,0.326061739,0.21120241112461,0.275898288,0.396657424,0.097254373,0.23018991412462,0.573952587,0.0594238,0.127637042,0.23898657112463,0.125948558,0.162307227,0.294751774,0.41699244112464,0.12299196,0.187840293,0.484004347,0.20516340112465,0.188643386,0.126526625,0.265353598,0.41947639112466,0.501162895,0.121440133,0.061428827,0.31596814512467,0.10394049,0.307513791,0.19205984,0.39648587912468,0.192351968,0.446396309,0.100188583,0.2610631412469,0.050371012,0.424354898,0.285214221,0.24005986912470,0.202023737,0.14843019,0.405801857,0.24374421612471,0.196346366,0.053849896,0.445841907,0.30396183112472,0.329334126,0.150023395,0.111536155,0.40910632412473,0.376269364,0.156158203,0.123079566,0.34449286812474,0.4346442,0.074561189,0.06435827,0.42643634112475,0.522816113,0.040039278,0.100666113,0.33647849612476,0.070701239,0.111950586,0.633417349,0.18393082712477,0.455620348,0.091014284,0.246942792,0.20642257612478,0.282910584,0.186312891,0.201010772,0.32976575312479,0.098448043,0.126080473,0.452183877,0.32328760712480,0.216665548,0.500915674,0.091667138,0.1907516412481,0.179363552,0.245405847,0.280285737,0.29494486412482,0.133593639,0.126789913,0.504858001,0.23475844612483,0.202146319,0.105689602,0.14229685,0.54986722912484,0.191418156,0.135761994,0.17014622,0.5026736312485,0.226372752,0.218425755,0.245953262,0.3092482312486,0.317355179,0.205196029,0.225418279,0.25203051312487,0.19917058,0.385439737,0.190892732,0.22449695112488,0.049505691,0.06952228,0.474744052,0.40622797812489,0.046373797,0.365913295,0.226567004,0.36114590412490,0.302117928,0.063257135,0.417068427,0.2175565112491,0.201491897,0.171099091,0.394810495,0.23259851812492,0.043639739,0.179851092,0.533759303,0.24274986612493,0.292068856,0.142877673,0.218985289,0.34606818212494,0.162680248,0.04557708,0.443380182,0.3483624912495,0.348736697,0.072613013,0.18141256,0.3972377312496,0.363742157,0.112953508,0.122446185,0.40085815112497,0.065425769,0.338504058,0.09722399,0.49884618312498,0.164734739,0.139013548,0.447426094,0.24882561912499,0.251294426,0.064920619,0.295723491,0.38806146312500,0.152466398,0.16018632,0.130672344,0.55667493812501,0.062422353,0.222290156,0.4987538,0.21653369112502,0.086353794,0.388031454,0.187585723,0.33802902912503,0.366595421,0.314060745,0.036538039,0.28280579512504,0.054381335,0.387927329,0.127781707,0.42990962912505,0.191721453,0.418328828,0.065788862,0.32416085812506,0.242990548,0.373252415,0.080666317,0.3030907212507,0.162676069,0.077397523,0.334278337,0.42564807112508,0.083560257,0.094102279,0.508179485,0.31415797912509,0.144780426,0.198829568,0.246698465,0.4096915412510,0.057941323,0.423378947,0.292139899,0.22653983112511,0.12984256,0.167462042,0.187644433,0.51505096512512,0.388086146,0.28826184,0.077740286,0.24591172812513,0.185976982,0.435312674,0.143531757,0.23517858712514,0.213673769,0.361961973,0.068224757,0.35613950212515,0.275438515,0.341567059,0.121654827,0.261339612516,0.228074762,0.096306359,0.277731715,0.39788716412517,0.115385755,0.134441623,0.33519735,0.41497527312518,0.079278741,0.247873908,0.330537672,0.34230967912519,0.357482029,0.057374031,0.34524596,0.2398979812520,0.276352706,0.140036304,0.290649923,0.29296106812521,0.511718041,0.098189111,0.119601847,0.27049100112522,0.28840406,0.244690049,0.285187494,0.18171839712523,0.046872273,0.359298921,0.395283072,0.19854573312524,0.395529446,0.051485714,0.338156839,0.21482800112525,0.462479476,0.127117951,0.192002202,0.21840037112526,0.206475378,0.170031474,0.171673054,0.45182009412527,0.301893463,0.305391962,0.068866761,0.32384781412528,0.3342505,0.09568278,0.166721176,0.40334554412529,0.249705693,0.2020402,0.117373108,0.43088099812530,0.37266557,0.342061707,0.084420003,0.2008527212531,0.114945442,0.294059096,0.0928005,0.49819496212532,0.277809046,0.107026451,0.288599253,0.3265652512533,0.390344839,0.11849978,0.286827929,0.20432745212534,0.190940737,0.140970994,0.387448573,0.28063969612535,0.466123519,0.148711108,0.087477367,0.29768800512536,0.129208121,0.056021978,0.482261488,0.33250841312537,0.104088701,0.335650583,0.167564422,0.39269629412538,0.497462038,0.086119147,0.096506483,0.31991233212539,0.174905499,0.437761775,0.157164313,0.23016841312540,0.162491043,0.253570609,0.248467275,0.33547107312541,0.267139971,0.284193724,0.285032048,0.16363425712542,0.098120621,0.267789775,0.208376082,0.42571352112543,0.399532365,0.178450137,0.080633166,0.34138433212544,0.497836672,0.06736526,0.121618541,0.31317952712545,0.323765899,0.175757292,0.161796156,0.33868065212546,0.258854164,0.2675986,0.135858063,0.33768917212547,0.354817807,0.091551958,0.080955804,0.47267443112548,0.37337598,0.294445921,0.069923943,0.26225415612549,0.366090504,0.055316871,0.192779483,0.38581314212550,0.277066927,0.165899325,0.29366198,0.26337176812551,0.058745159,0.438442736,0.20505752,0.29775458412552,0.228844361,0.427016125,0.089708392,0.25443112312553,0.536752821,0.047708393,0.085530465,0.33000832112554,0.046578334,0.528414585,0.106705893,0.31830118812555,0.239537236,0.083974367,0.405522466,0.27096593112556,0.262328944,0.102638057,0.273589239,0.36144375912557,0.220188349,0.112328093,0.35577541,0.31170814812558,0.07663289,0.647922208,0.077469204,0.19797569812559,0.081298322,0.053620819,0.412806737,0.45227412112560,0.207995557,0.111650692,0.157136106,0.52321764512561,0.186195268,0.413024826,0.088634117,0.31214578912562,0.071533088,0.235749523,0.432153592,0.26056379712563,0.14147612,0.093704549,0.504898736,0.25992059512564,0.312162615,0.20745792,0.112449047,0.36793041812565,0.172598115,0.337524159,0.210560385,0.2793173412566,0.139631056,0.147562044,0.090240807,0.62256609312567,0.257252841,0.458442359,0.086207105,0.19809769412568,0.327426747,0.215825591,0.09455319,0.36219447212569,0.35346316,0.182273446,0.280792294,0.183471112570,0.07822137,0.251716719,0.409148114,0.26091379712571,0.240515727,0.324847647,0.173422999,0.26121362712572,0.107876458,0.134075008,0.23473797,0.52331056412573,0.177597806,0.43531868,0.092383707,0.29469980712574,0.206231123,0.271053771,0.312527943,0.21018716312575,0.059098026,0.443512846,0.167316629,0.33007249912576,0.058096386,0.162683955,0.418727576,0.36049208212577,0.067282024,0.363519056,0.336665917,0.23253300412578,0.295998836,0.070345634,0.393602475,0.24005305512579,0.392137724,0.238718926,0.169930255,0.19921309512580,0.423496709,0.179398756,0.111304616,0.28579991912581,0.127462602,0.408046283,0.196086848,0.26840426712582,0.324876977,0.156177508,0.192731116,0.32621439812583,0.124897863,0.433280308,0.155919596,0.28590223412584,0.083918739,0.08768437,0.539122444,0.28927444812585,0.390466828,0.094379899,0.354180908,0.16097236512586,0.191789842,0.06664436,0.332032932,0.40953286612587,0.038042927,0.356847948,0.351042052,0.25406707312588,0.155522057,0.326632243,0.088135492,0.42971020912589,0.369629945,0.092625133,0.223267828,0.31447709412590,0.120158149,0.381985893,0.204415007,0.29344095112591,0.079164575,0.060722021,0.393115698,0.46699770512592,0.163317524,0.26092569,0.296411022,0.27934576312593,0.468046801,0.244331286,0.087081116,0.20054079712594,0.406884247,0.15572133,0.157241215,0.28015320812595,0.124802274,0.50317519,0.121843493,0.25017904312596,0.098027804,0.436146239,0.072968961,0.39285699612597,0.09710263,0.148015372,0.16659687,0.58828512812598,0.148343521,0.217677206,0.197201473,0.436777812599,0.192064186,0.10462246,0.385291075,0.3180222812600,0.119341299,0.384383265,0.250225574,0.24604986212601,0.266923104,0.107664978,0.451005863,0.17440605612602,0.117108216,0.579618286,0.066810192,0.23646330712603,0.061708058,0.573712288,0.100880794,0.2636988612604,0.093216761,0.524177244,0.131745322,0.25086067312605,0.599132966,0.039139784,0.100629768,0.26109748212606,0.482444932,0.15720601,0.146962364,0.21338669412607,0.166391777,0.243709007,0.390301881,0.19959733412608,0.447473659,0.060348914,0.141690318,0.3504871112609,0.129972386,0.079381014,0.351348698,0.43929790312610,0.144285448,0.171239375,0.43091374,0.25356143812611,0.043145196,0.126549085,0.575099645,0.25520607412612,0.185165814,0.225491425,0.123012926,0.46632983512613,0.169295165,0.203817988,0.096536818,0.53035002912614,0.174706085,0.437158199,0.089449093,0.29868662412615,0.161779116,0.358575904,0.278200571,0.20144440812616,0.109162989,0.245923318,0.202613552,0.4423001412617,0.367349436,0.355895503,0.058349314,0.21840574612618,0.17609519,0.216690887,0.387707646,0.21950627712619,0.512269516,0.120897029,0.165645207,0.20118824812620,0.045094441,0.47485437,0.128236304,0.35181488512621,0.095866888,0.284490012,0.374352482,0.24529061712622,0.472880735,0.072616321,0.15542768,0.29907526412623,0.100294588,0.071033401,0.501457519,0.32721449112624,0.361940351,0.102846165,0.31682475,0.21838873412625,0.11175517,0.174763639,0.382278678,0.33120251312626,0.157036842,0.250183083,0.229147628,0.36363244612627,0.082444903,0.385182526,0.175242914,0.35712965612628,0.116904227,0.445527413,0.121244043,0.31632431812629,0.163543903,0.049636246,0.459418264,0.32740158712630,0.279426719,0.082152844,0.211040778,0.42737965912631,0.323777893,0.179635504,0.307281426,0.18930517712632,0.418061917,0.200264089,0.160133945,0.22154004912633,0.061658346,0.541987228,0.064409103,0.33194532312634,0.260983364,0.041925425,0.400967946,0.29612326412635,0.122127018,0.094570056,0.358894041,0.42440888612636,0.328454325,0.281766042,0.112396792,0.27738284212637,0.226208873,0.090431479,0.203380204,0.47997944412638,0.04823098,0.197754414,0.318769995,0.43524461112639,0.168277334,0.412847437,0.118709618,0.30016561112640,0.429430326,0.232161442,0.174277831,0.16413040112641,0.05006461,0.151639868,0.595694876,0.20260064612642,0.122929262,0.254633163,0.14113351,0.48130406512643,0.466055094,0.080515763,0.200888425,0.25254071812644,0.098545313,0.178176689,0.310006242,0.41327175512645,0.412077045,0.17956546,0.163023312,0.24533418312646,0.097134905,0.132771292,0.468548102,0.30154570112647,0.106723425,0.266150135,0.349551493,0.27757494712648,0.17019633,0.411561852,0.188476312,0.22976550612649,0.112145375,0.439371459,0.112808429,0.33567473712650,0.235220262,0.200514656,0.135964438,0.42830064412651,0.162795936,0.136610837,0.344973337,0.3556198912652,0.300960817,0.257928184,0.24530998,0.1958010212653,0.115646893,0.078619482,0.280486182,0.52524744312654,0.248512122,0.04373292,0.475171015,0.23258394212655,0.213698001,0.38843347,0.072753056,0.32511547312656,0.471242041,0.286558805,0.101901946,0.14029720812657,0.05757826,0.596956082,0.054357322,0.29110833612658,0.451181782,0.114992392,0.236111452,0.19771437312659,0.159937237,0.122668805,0.145792026,0.57160193212660,0.391752927,0.307409435,0.108300683,0.19253695512661,0.12193669,0.483694153,0.078898721,0.31547043612662,0.291768805,0.055528332,0.291455394,0.36124746912663,0.090295725,0.333495764,0.087540818,0.48866769412664,0.254000018,0.25186407,0.115751018,0.37838489512665,0.418711614,0.05851139,0.266316892,0.25646010412666,0.348449186,0.320972132,0.041621548,0.28895713512667,0.430668579,0.237839751,0.077073168,0.25441850212668,0.078730464,0.160365613,0.491250504,0.26965341912669,0.116132392,0.367357467,0.137703281,0.3788068612670,0.114288138,0.160124763,0.188264227,0.53732287212671,0.083079402,0.100353463,0.337136181,0.47943095412672,0.170575797,0.407254299,0.27203154,0.15013836412673,0.110343114,0.173733724,0.197835941,0.51808722212674,0.412194051,0.282846871,0.175149237,0.12980984112675,0.487628619,0.243290449,0.067981879,0.20109905312676,0.233306527,0.129116143,0.310913112,0.32666421812677,0.096966995,0.110588258,0.219755437,0.5726893112678,0.228854114,0.343157457,0.304826828,0.12316160112679,0.101475034,0.217607808,0.434219408,0.2466977512680,0.064663642,0.544279819,0.077200447,0.31385609212681,0.142988794,0.106572498,0.28401865,0.46642005812682,0.173458135,0.241254574,0.126114139,0.45917315312683,0.32488847,0.099773703,0.120468489,0.45486933812684,0.525155646,0.096301952,0.145622388,0.23292001412685,0.395925388,0.071394127,0.218630902,0.31404958312686,0.046111147,0.288930683,0.344846944,0.32011122612687,0.542150393,0.073676294,0.081140062,0.3030332512688,0.369305175,0.073435138,0.349326504,0.20793318412689,0.178737633,0.101634393,0.341732547,0.37789542712690,0.109249689,0.495115794,0.121293504,0.27434101312691,0.263677297,0.298455752,0.075484119,0.36238283112692,0.044028323,0.428624736,0.206085895,0.32126104612693,0.393213814,0.287868304,0.073878791,0.24503909112694,0.342629036,0.37023467,0.085009585,0.20212670912695,0.38473197,0.129400373,0.269713416,0.21615424112696,0.326305861,0.415691604,0.077081853,0.18092068212697,0.080499159,0.112204804,0.508829988,0.29846604912698,0.207300223,0.282756808,0.268907977,0.24103499312699,0.234606345,0.431051042,0.153809022,0.18053359112700,0.202109669,0.372973627,0.240508671,0.18440803312701,0.478664225,0.132225738,0.095422407,0.2936876312702,0.14290428,0.144646511,0.194258347,0.51819086112703,0.080463516,0.464125667,0.101474714,0.35393610312704,0.406854481,0.317304188,0.128624093,0.14721723912705,0.084017802,0.512342119,0.130052756,0.27358732312706,0.144196844,0.321148792,0.246751482,0.28790288312707,0.166858226,0.434697546,0.079818819,0.31862540812708,0.121097515,0.424075836,0.135553224,0.31927342512709,0.12284742,0.264009588,0.33338239,0.27976060212710,0.083746219,0.099205383,0.274885444,0.54216295412711,0.348313993,0.071985912,0.146938867,0.43276122912712,0.492578904,0.185630964,0.075349696,0.24644043712713,0.073224053,0.460177118,0.253725206,0.21287362312714,0.21858692,0.068402151,0.371721781,0.34128914812715,0.11102305,0.353804602,0.078205863,0.45696648412716,0.070454431,0.148798398,0.499485147,0.28126202412717,0.510403916,0.069040204,0.048000099,0.37255578112718,0.340416271,0.144794817,0.190052398,0.32473651312719,0.424274365,0.216965945,0.080422455,0.27833723512720,0.110374027,0.221207989,0.183254444,0.48516354112721,0.201519602,0.086838879,0.422600088,0.28904143112722,0.042657045,0.192531117,0.574510944,0.19030089412723,0.281402658,0.066136172,0.357579936,0.29488123512724,0.522525773,0.07355541,0.101424042,0.30249477512725,0.111908346,0.462027793,0.165595591,0.26046827112726,0.212593327,0.077624119,0.266694329,0.44308822512727,0.150868845,0.091599294,0.490655103,0.26687675812728,0.495418011,0.092887995,0.085228598,0.32646539612729,0.347665003,0.133145128,0.174184655,0.34500521412730,0.164087614,0.244431506,0.111633328,0.47984755212731,0.495974071,0.121113389,0.099773094,0.28313944712732,0.173265862,0.104595444,0.223668669,0.49847002512733,0.316633682,0.306387016,0.186357184,0.19062211812734,0.181225062,0.305140799,0.325864879,0.1877692612735,0.043898841,0.065578072,0.613050151,0.27747293512736,0.577270547,0.093863449,0.071241315,0.25762468812737,0.076830927,0.075925333,0.521718953,0.32552478712738,0.390250343,0.079787252,0.169500565,0.3604618412739,0.135023255,0.198655077,0.368911783,0.29740988412740,0.12850599,0.467925416,0.070090185,0.33347840912741,0.465261189,0.132711238,0.082410424,0.31961714912742,0.218546479,0.231000483,0.362075765,0.18837727312743,0.339422598,0.073438085,0.288360327,0.2987789912744,0.529604298,0.217542902,0.038450813,0.21440198712745,0.325059266,0.113624154,0.214382055,0.34693452412746,0.240433779,0.083868596,0.414770199,0.26092742612747,0.402225801,0.053676439,0.338372303,0.20572545712748,0.068200978,0.511154497,0.152299558,0.26834496712749,0.40137276,0.222846015,0.047408014,0.32837321112750,0.31809503,0.267657705,0.251408892,0.16283837312751,0.190096604,0.210423802,0.08440406,0.51507553412752,0.173375169,0.272048436,0.074465679,0.48011071612753,0.111004662,0.308158689,0.083270806,0.49756584212754,0.129250175,0.542274076,0.080202999,0.2482727512755,0.067224466,0.098947684,0.530605856,0.30322199412756,0.128770388,0.302788737,0.404728395,0.16371247912757,0.372585427,0.352992759,0.098143505,0.17627830912758,0.505328514,0.084578615,0.092929632,0.31716323912759,0.115297162,0.076633194,0.148713671,0.65935597312760,0.203915865,0.465161513,0.042749078,0.28817354412761,0.120665115,0.151214199,0.477359622,0.25076106412762,0.113755424,0.42727208,0.116301106,0.3426713912763,0.367251392,0.051996091,0.33055956,0.25019295712764,0.204302647,0.11169223,0.302394036,0.38161108712765,0.437627515,0.201901356,0.090953518,0.26951761112766,0.228493665,0.29921466,0.130505596,0.34178607912767,0.406209684,0.114535405,0.123139141,0.35611577112768,0.240192567,0.403919734,0.12893366,0.22695403912769,0.181690597,0.525990227,0.076124538,0.21619463912770,0.11286297,0.49715822,0.05458124,0.33539756912771,0.27164337,0.227863355,0.329325227,0.17116804712772,0.405201516,0.068574146,0.344650397,0.18157394212773,0.545457943,0.074971151,0.089845285,0.28972562112774,0.261684125,0.266170528,0.238287149,0.23385819812775,0.237612555,0.419999934,0.062047054,0.28034045712776,0.228864749,0.15803769,0.327792473,0.28530508812777,0.466344375,0.087657588,0.146424022,0.29957401412778,0.215179683,0.214426315,0.362262585,0.20813141712779,0.14654162,0.221222506,0.293714168,0.33852170512780,0.386298077,0.215716209,0.235450654,0.1625350612781,0.35480102,0.044199061,0.291730745,0.30926917412782,0.1566517,0.194398607,0.184505952,0.46444374112783,0.087828641,0.241388431,0.39050094,0.28028198812784,0.292795597,0.222163262,0.173690129,0.31135101212785,0.083249577,0.451265133,0.075971862,0.38951342812786,0.173004081,0.316384992,0.110852683,0.39975824412787,0.463123565,0.113699443,0.243462193,0.17971479912788,0.515048919,0.150193368,0.048565582,0.28619213212789,0.043350793,0.316104252,0.467284624,0.17326033212790,0.084662804,0.107431745,0.466815802,0.34108964912791,0.091990135,0.166601897,0.199981478,0.54142648912792,0.277484765,0.233209934,0.264092754,0.22521254712793,0.103613455,0.083993559,0.454568084,0.35782490212794,0.06694126,0.503820506,0.123764655,0.30547357912795,0.342175389,0.066336331,0.359243429,0.23224485112796,0.201666466,0.31403432,0.06792965,0.41636956512797,0.299186404,0.288630856,0.25401419,0.1581685512798,0.409207738,0.082726554,0.229344203,0.27872150512799,0.262600895,0.474944458,0.056539914,0.20591473412800,0.406093235,0.032400995,0.389975044,0.17153072612801,0.404126193,0.20330665,0.187730566,0.2048365912802,0.485795826,0.137291753,0.080694575,0.29621784712803,0.356774316,0.051083523,0.319754815,0.27238734612804,0.250936638,0.40171964,0.094226473,0.25311724912805,0.147731325,0.118253856,0.349343627,0.38467119112806,0.458315871,0.220601592,0.086613605,0.23446893212807,0.098911427,0.079171344,0.487836749,0.33408048112808,0.075586801,0.416929323,0.116085502,0.39139837312809,0.14689631,0.03836085,0.602382118,0.21236072112810,0.179008753,0.23916206,0.094172677,0.4876565112811,0.035322919,0.225915111,0.48581859,0.25294338112812,0.16301508,0.348183244,0.1213213,0.36748037612813,0.145995798,0.092807025,0.401114911,0.36008226612814,0.085241935,0.299940622,0.346337566,0.26847987712815,0.158916044,0.484903659,0.143290941,0.21288935512816,0.091787659,0.145855088,0.21178436,0.55057289312817,0.131127249,0.367304112,0.33572845,0.1658401912818,0.331706423,0.369061487,0.074123845,0.22510824512819,0.039426805,0.327415632,0.416142373,0.2170151912820,0.229916984,0.204069648,0.291630101,0.27438326712821,0.273727956,0.14417212,0.257266188,0.32483373612822,0.075047793,0.249315187,0.405205398,0.27043162212823,0.308335644,0.346373136,0.079029068,0.26626215212824,0.283970235,0.073022972,0.279072457,0.36393433612825,0.167642566,0.125636986,0.485700439,0.2210200112826,0.227678159,0.11822443,0.268122135,0.38597527712827,0.09834254,0.080460274,0.484373641,0.33682354512828,0.319372917,0.372138041,0.032136441,0.27635260212829,0.21726329,0.214928099,0.414025111,0.153783512830,0.114298916,0.052469473,0.535127727,0.29810388412831,0.06286016,0.536637152,0.155408221,0.24509446612832,0.320356928,0.111590162,0.110178228,0.45787468312833,0.103386277,0.441639825,0.209180429,0.24579346912834,0.096288143,0.445181481,0.179427895,0.27910248112835,0.393274365,0.09904851,0.196103043,0.31157408212836,0.103331298,0.270211042,0.223081371,0.40337628912837,0.070776087,0.110738617,0.363122939,0.45536235712838,0.225542861,0.433446715,0.147106489,0.19390393612839,0.135124487,0.396833813,0.095756854,0.37228484512840,0.077020181,0.300891031,0.147611599,0.47447718912841,0.119833914,0.388883407,0.080938065,0.41034461512842,0.420136791,0.161758486,0.146389509,0.27171521412843,0.106604465,0.443274622,0.199861779,0.25025913412844,0.337292176,0.108452489,0.374877862,0.17937747312845,0.240880476,0.085342458,0.175343453,0.49843361312846,0.068117336,0.370431696,0.253387591,0.30806337712847,0.08174084,0.271820825,0.246486459,0.39995187612848,0.327217256,0.15176694,0.339399664,0.1816161412849,0.223164519,0.382135264,0.22603627,0.16866394712850,0.610633032,0.035083805,0.06158415,0.29269901312851,0.124513079,0.372505447,0.22741405,0.27556742512852,0.406637183,0.130967359,0.205417818,0.2569776412853,0.34181478,0.078524757,0.35651386,0.22314660212854,0.408338636,0.115242913,0.27537214,0.20104631112855,0.351804934,0.120145057,0.220193729,0.3078562812856,0.154396128,0.128222751,0.196701651,0.5206794712857,0.320670928,0.119731851,0.279425981,0.2801712412858,0.069176801,0.060465518,0.565446425,0.30491125612859,0.097405292,0.431919938,0.227578859,0.24309591112860,0.134115695,0.174450607,0.100420654,0.59101304412861,0.069455645,0.08103268,0.562946998,0.28656467712862,0.14550103,0.109088486,0.346968083,0.39844240112863,0.06258275,0.11337322,0.496010806,0.32803322312864,0.187276293,0.188706517,0.44261902,0.1813981712865,0.211451913,0.497906786,0.062707224,0.22793407812866,0.137326525,0.133221359,0.184462145,0.54498997112867,0.061748169,0.319551601,0.245768592,0.37293163912868,0.159143369,0.289580727,0.087180571,0.46409533312869,0.159989399,0.060632471,0.543289965,0.23608816612870,0.088630175,0.465451433,0.095482674,0.35043571812871,0.11311526,0.455043826,0.183864456,0.24797645712872,0.272093827,0.199635912,0.138576653,0.38969360812873,0.341099116,0.285667107,0.111890551,0.26134322512874,0.117009998,0.120665693,0.557815645,0.20450866412875,0.087143869,0.44391452,0.20214462,0.26679699112876,0.085659765,0.436288152,0.122091064,0.3559610212877,0.329901488,0.285293726,0.117799136,0.26700565112878,0.111326154,0.107318978,0.385342022,0.39601284712879,0.207898326,0.429592109,0.174822243,0.18768732212880,0.154318244,0.338901147,0.091819299,0.4149613112881,0.050204544,0.467023934,0.302278147,0.18049337512882,0.120634889,0.417595529,0.087844633,0.37392494912883,0.140884657,0.125144472,0.415447025,0.31852384612884,0.314859396,0.312373212,0.186696954,0.18607043812885,0.161946755,0.120772028,0.122193017,0.59508820112886,0.405423046,0.235495715,0.113084752,0.24599648712887,0.254992708,0.079278264,0.378196053,0.28753297612888,0.124298184,0.294628593,0.33063715,0.25043607312889,0.308690232,0.26891795,0.166887352,0.25550446712890,0.31916659,0.159652632,0.095257592,0.42592318512891,0.122923212,0.437687775,0.241854946,0.19753406712892,0.149566796,0.234170397,0.422451005,0.19381180312893,0.175546166,0.113150594,0.131539143,0.57976409812894,0.185966307,0.165846364,0.129511364,0.51867596612895,0.205505982,0.292270862,0.196364364,0.30585879112896,0.430125659,0.213457539,0.058186515,0.29823028712897,0.229671554,0.271173744,0.133949257,0.36520544612898,0.066754199,0.035154195,0.585891083,0.31220052212899,0.164829553,0.461546924,0.129081633,0.24454188912900,0.396039443,0.113540586,0.319652861,0.1707671112901,0.491256751,0.085414719,0.140838558,0.28248997312902,0.167087929,0.272753552,0.151282961,0.40887555812903,0.167110381,0.2558502,0.183902082,0.39313733712904,0.100458708,0.159995699,0.273440979,0.46610461412905,0.427011297,0.173628005,0.156603038,0.24275766112906,0.238149502,0.160745674,0.131320415,0.46978440912907,0.064341381,0.12319244,0.223192848,0.58927333212908,0.164350044,0.191132164,0.096835183,0.54768260912909,0.330325892,0.155591299,0.103060967,0.41102184212910,0.279976096,0.399521342,0.049520901,0.2709816612911,0.188067791,0.195428255,0.269392929,0.34711102512912,0.478762526,0.123924495,0.067948305,0.32936467412913,0.082210167,0.47488835,0.143898667,0.29900281712914,0.145012091,0.152764894,0.295638316,0.40658469912915,0.08947391,0.418248842,0.120704683,0.37157256612916,0.239278446,0.151558901,0.087891852,0.52127080112917,0.384734441,0.389842907,0.04334977,0.18207288212918,0.145836359,0.087045176,0.461449006,0.30566945912919,0.097424687,0.444895635,0.059314151,0.39836552712920,0.135937003,0.545261525,0.062111002,0.2566904712921,0.46985355,0.036037576,0.137969165,0.35613970912922,0.101201432,0.091950697,0.229771313,0.57707655812923,0.333071444,0.059708028,0.290015958,0.3172045712924,0.396437256,0.187167069,0.09909187,0.31730380512925,0.214073303,0.203826448,0.258346273,0.32375397712926,0.266150708,0.268585978,0.152348575,0.31291473912927,0.113627389,0.554600695,0.184393277,0.1473786412928,0.072659578,0.277030575,0.285799693,0.36451015412929,0.031586549,0.370293364,0.351620643,0.24649944312930,0.553814037,0.072081363,0.094266336,0.27983826412931,0.100921241,0.203886426,0.162436084,0.5327562512932,0.459084507,0.076287818,0.089587665,0.37504000912933,0.106740295,0.1923964,0.193172668,0.50769063712934,0.110049589,0.587171082,0.052285882,0.25049344612935,0.07395511,0.542808781,0.07717242,0.3060636912936,0.082178985,0.548896322,0.143606797,0.22531789512937,0.191359165,0.302144879,0.266636436,0.2398595212938,0.082137418,0.51217539,0.208538369,0.19714882312939,0.321495915,0.133819452,0.316939485,0.22774514812940,0.153806105,0.107495566,0.339520167,0.39917816212941,0.086618298,0.481118112,0.068760465,0.36350312612942,0.136473553,0.065347047,0.581322991,0.2168564112943,0.075368112,0.230979775,0.225733863,0.4679182512944,0.389642561,0.119749082,0.165416928,0.3251914312945,0.079193629,0.309791337,0.268645975,0.34236905912946,0.056652806,0.381956142,0.179142722,0.3822483312947,0.375584742,0.169441108,0.160906119,0.29406803112948,0.231975874,0.256648692,0.063215359,0.44816007512949,0.148198705,0.439071473,0.088961776,0.32376804612950,0.059534377,0.401623806,0.375087445,0.16375437112951,0.052856544,0.272241005,0.358316517,0.31658593412952,0.447296268,0.107573974,0.067345354,0.37778440512953,0.347299538,0.113303238,0.302623045,0.23677417912954,0.240245433,0.164585458,0.124922762,0.47024634812955,0.106510709,0.534157824,0.110923085,0.24840838212956,0.436878494,0.08675055,0.28289998,0.19347097612957,0.118784509,0.416617722,0.265584951,0.19901281712958,0.24115338,0.364886955,0.063894178,0.33006548712959,0.108545371,0.42668657,0.163686755,0.30108130412960,0.444286495,0.25149828,0.043668157,0.26054706812961,0.122165069,0.26066354,0.172771561,0.44439982912962,0.199322126,0.126110446,0.466983325,0.20758410212963,0.29458297,0.085505757,0.189115643,0.4307956312964,0.261228894,0.079717266,0.177546715,0.48150712412965,0.199606742,0.065607085,0.454765844,0.28002032812966,0.272352862,0.422098214,0.057139443,0.24840948112967,0.137647358,0.207870369,0.181875354,0.4726069212968,0.232067371,0.109085433,0.32334631,0.33550088612969,0.282617611,0.46224376,0.038111733,0.21702689612970,0.24551884,0.212975374,0.154414534,0.38709125212971,0.25334116,0.229009458,0.105338146,0.41231123612972,0.476066815,0.268665009,0.032284867,0.22298330812973,0.42893003,0.092231013,0.115852752,0.36298620512974,0.116808556,0.348685201,0.27269351,0.26181273312975,0.231841538,0.122340876,0.315232003,0.33058558212976,0.28338303,0.063259684,0.444261287,0.20909599812977,0.394721974,0.051372011,0.12309968,0.43080633512978,0.492578904,0.185630964,0.075349696,0.24644043712979,0.076125213,0.411262962,0.240585921,0.27202590312980,0.2202399,0.063332736,0.388624761,0.32780260312981,0.101664822,0.358702291,0.070511397,0.46912149112982,0.053904188,0.144610259,0.554825454,0.24666009912983,0.510403916,0.069040204,0.048000099,0.37255578112984,0.359588606,0.132831619,0.173181357,0.33439841812985,0.424274365,0.216965945,0.080422455,0.27833723512986,0.110374027,0.221207989,0.183254444,0.48516354112987,0.177461738,0.058838806,0.364203286,0.3994961712988,0.036508147,0.20243334,0.528024901,0.23303361312989,0.259729243,0.060488759,0.387458737,0.29232326112990,0.601651378,0.057685708,0.098616257,0.24204665612991,0.090641673,0.49793894,0.133927106,0.27749228112992,0.167652888,0.066516986,0.240607678,0.52522244912993,0.12864826,0.065250206,0.545581755,0.26051977912994,0.495418011,0.092887995,0.085228598,0.32646539612995,0.362814504,0.140555959,0.184687373,0.31194216412996,0.161418671,0.200824043,0.101318464,0.53643882212997,0.363242032,0.086853122,0.10376401,0.44614083612998,0.08736096,0.356189703,0.326053789,0.23039554812999,0.200062115,0.183014339,0.244498179,0.37242536713000,0.046228154,0.595531841,0.121753936,0.23648606913001,0.261223477,0.103148925,0.393024744,0.24260285513002,0.467327236,0.140956137,0.16332902,0.22838760713003,0.41112805,0.066291727,0.282177778,0.24040244613004,0.127355328,0.531819492,0.081211534,0.25961364613005,0.100560434,0.589521396,0.083963709,0.2259544613006,0.429184015,0.174394589,0.156338953,0.24008244313007,0.073022548,0.26477274,0.447318991,0.21488572113008,0.085783356,0.166592341,0.174718768,0.57290553513009,0.140411725,0.574755167,0.038709778,0.24612332913010,0.044883124,0.044297853,0.487490064,0.4233289613011,0.079148864,0.562041825,0.188814429,0.16999488213012,0.376007443,0.244339527,0.169588539,0.2100644913013,0.22329176,0.14046176,0.100459742,0.53578673813014,0.265748108,0.220998507,0.200088509,0.31316487713015,0.30950771,0.215576142,0.062603177,0.4123129713016,0.137914892,0.277700849,0.403632921,0.18075133813017,0.493276102,0.214767605,0.07896253,0.21299376213018,0.130383802,0.376605664,0.079357953,0.4136525813019,0.331985359,0.131898855,0.328617807,0.20749797913020,0.128058151,0.105994989,0.180759266,0.58518759313021,0.105589994,0.229674895,0.162050171,0.5026849413022,0.180080645,0.443142502,0.04854137,0.32823548313023,0.064983166,0.359801401,0.429381288,0.14583414413024,0.038104012,0.03647179,0.630947414,0.29447678413025,0.22099181,0.191868747,0.135126166,0.45201327713026,0.145133993,0.084233457,0.4177306,0.35290194913027,0.168672036,0.300941393,0.359728802,0.17065776913028,0.450398647,0.056462848,0.277067328,0.21607117713029,0.088711839,0.305351161,0.424613809,0.18132319213030,0.214320402,0.119757321,0.09196261,0.57395966813031,0.173877253,0.250593274,0.239657778,0.33587169413032,0.074713778,0.340964368,0.219464236,0.36485761813033,0.208728339,0.057604806,0.255876471,0.47779038513034,0.331363707,0.071952216,0.346863571,0.24982050513035,0.146078926,0.145411857,0.160073056,0.54843616113036,0.074620506,0.095932549,0.182164889,0.64728205613037,0.042014395,0.292206677,0.402093472,0.26368545613038,0.106187658,0.453932548,0.162400896,0.27747889813039,0.034888968,0.287324979,0.371258827,0.30652722513040,0.208338,0.044653699,0.405841118,0.34116718313041,0.244090131,0.225408183,0.290339255,0.24016243213042,0.147956444,0.123353067,0.336803975,0.39188651413043,0.06678327,0.500832987,0.132783889,0.29959985313044,0.066316296,0.48149846,0.135309692,0.31687555213045,0.143301771,0.130119796,0.172838439,0.55373999413046,0.438272335,0.103934001,0.167302586,0.29049107913047,0.465179452,0.181820924,0.079010652,0.27398897213048,0.447834205,0.262818428,0.050753735,0.23859363213049,0.074474304,0.37777271,0.256382187,0.29137079913050,0.089236281,0.11419297,0.411219556,0.38535119313051,0.346997672,0.06551642,0.193781798,0.3937041113052,0.252226969,0.41672783,0.048975884,0.28206931613053,0.076265115,0.244175273,0.179074652,0.5004849613054,0.362860112,0.048842055,0.231626091,0.35667174213055,0.414478522,0.096892551,0.050344619,0.43828430913056,0.250954021,0.198090001,0.143257595,0.40769838213057,0.462585554,0.049947257,0.106633852,0.38083333713058,0.137661272,0.340744568,0.120673647,0.40092051213059,0.13742834,0.144990203,0.43389958,0.28368187713060,0.344036993,0.112265516,0.075326107,0.46837138313061,0.136205802,0.30429397,0.199462287,0.36003794113062,0.363363363,0.065962666,0.317202965,0.25347100613063,0.142830344,0.049981278,0.411331886,0.39585649213064,0.191485859,0.146430794,0.36212755,0.29995579613065,0.327724017,0.278475545,0.151889434,0.24191100313066,0.15919045,0.113890772,0.469274731,0.25764404813067,0.122441905,0.471693278,0.078000605,0.32786421213068,0.256213935,0.122250639,0.201913725,0.41962170113069,0.484248121,0.111113995,0.210889506,0.19374837813070,0.08753062,0.571041479,0.057695467,0.28373243313071,0.128946979,0.07598595,0.270821246,0.52424582613072,0.064665306,0.084818689,0.415234522,0.43528148313073,0.195095644,0.252383611,0.10419804,0.44832270613074,0.164242029,0.256762727,0.101080822,0.47791442213075,0.031516322,0.527939979,0.151709978,0.2888337213076,0.296084131,0.162631893,0.323586356,0.21769762113077,0.142525396,0.057821831,0.386680087,0.41297268613078,0.040912763,0.437722605,0.251532442,0.26983218913079,0.117053493,0.146021191,0.453102414,0.28382290113080,0.419544733,0.218683167,0.117662471,0.2441096313081,0.078339649,0.273568811,0.23741879,0.4106727513082,0.566091682,0.061568479,0.084565056,0.28777478413083,0.088794455,0.434647803,0.288165484,0.18839225813084,0.088916217,0.468508328,0.096510199,0.34606525713085,0.210517296,0.107935983,0.272238009,0.40930871113086,0.139725032,0.573102614,0.050292426,0.23687992813087,0.540549449,0.152329041,0.039469302,0.26765220813088,0.041049774,0.075489189,0.566803854,0.31665718313089,0.219551381,0.396422389,0.153285438,0.23074079213090,0.147624766,0.094714236,0.14707079,0.61059020813091,0.055436128,0.490558795,0.275912319,0.17809275813092,0.111647769,0.171213324,0.4756006,0.24153830813093,0.522371163,0.082793319,0.108974856,0.28586066113094,0.138418249,0.074536753,0.348383051,0.43866194613095,0.109321402,0.147815093,0.200696404,0.54216710113096,0.163093325,0.416977411,0.223430015,0.19649924913097,0.054175801,0.113042235,0.475841421,0.3