"","No","Ch1","Ch2","Ch3","Ch4"
"1",12351,0.127099472331544,0.438652293891657,0.185335343235818,0.248912890540981
"2",12352,0.0703478341562945,0.262550145268547,0.498973516952042,0.168128503623117
"3",12353,0.391594936694843,0.210253730141385,0.233291149630376,0.164860183533396
"4",12354,0.250756832396933,0.280668899974411,0.0706599027857913,0.397914364842864
"5",12355,0.0796855499169771,0.158293570333994,0.516176443255787,0.245844436493242
"6",12356,0.254846919773566,0.103530092745696,0.47048244016127,0.171140547319467
"7",12357,0.562153021817549,0.0600332015145158,0.0602195531394305,0.317594223528505
"8",12358,0.169194520864069,0.15031730511879,0.398790846185928,0.281697327831213
"9",12359,0.371394007011541,0.171991765061678,0.152333576971688,0.304280650955093
"10",12360,0.43661577175401,0.0913028473386939,0.191370003125902,0.280711377781393
"11",12361,0.185908313862421,0.252787957389558,0.132473102001282,0.428830626746739
"12",12362,0.217805906578078,0.285648224978675,0.188704561380143,0.307841307063104
"13",12363,0.453235286759645,0.224999500854982,0.0914229079980154,0.230342304387358
"14",12364,0.131006514569712,0.49595401914405,0.104791260182868,0.26824820610337
"15",12365,0.0847255387145022,0.429269819118959,0.095376379541501,0.390628262625038
"16",12366,0.0983878883149423,0.400602579654606,0.283039883097533,0.217969648932919
"17",12367,0.173331338048692,0.1037299387483,0.334319515177165,0.388619208025843
"18",12368,0.493741751462694,0.0945744027815441,0.0524819437414213,0.35920190201434
"19",12369,0.145212021162223,0.0410290562092716,0.589041444625281,0.224717478003225
"20",12370,0.375863676025009,0.120375035000269,0.232348536848224,0.271412752126498
"21",12371,0.118456029955672,0.0876689567211044,0.415371345018351,0.378503668304872
"22",12372,0.189617892463899,0.121368194142725,0.218262605596435,0.470751307796942
"23",12373,0.204548083245897,0.106847777298233,0.476452726652834,0.212151412803036
"24",12374,0.153327819403808,0.0691999979442655,0.325096102513225,0.452376080138702
"25",12375,0.11354952085867,0.2834794081791,0.404555967430733,0.198415103531497
"26",12376,0.0608923703512403,0.510275470562841,0.124824982467511,0.304007176618408
"27",12377,0.120466205078953,0.251746654711761,0.102943162973067,0.524843977236219
"28",12378,0.108456563997081,0.0431819127893957,0.548145442032138,0.300216081181385
"29",12379,0.207181676546614,0.430262394041382,0.0879990331676645,0.274556896244339
"30",12380,0.259672655480123,0.39813561451081,0.072507678229882,0.269684051779185
"31",12381,0.076297921381672,0.238495812356063,0.423656815180536,0.261549451081729
"32",12382,0.0885997370583693,0.350481205403177,0.242765540095467,0.318153517442986
"33",12383,0.095988645455386,0.423334784262594,0.120883713115764,0.359792857166256
"34",12384,0.129529150321981,0.17248793501054,0.248658308017481,0.449324606649998
"35",12385,0.0901305866550681,0.274120689360305,0.408956716650602,0.226792007334025
"36",12386,0.398466117146483,0.291176797244739,0.0635296784370912,0.246827407171686
"37",12387,0.0564221599186703,0.384015244937791,0.245940893322536,0.313621701821002
"38",12388,0.462185145681047,0.141717353390362,0.223235612760504,0.172861888168086
"39",12389,0.137639957034935,0.37338964342974,0.275114660805138,0.213855738730187
"40",12390,0.177925730962294,0.115037090592763,0.108017549776735,0.599019628668208
"41",12391,0.0808432011737923,0.100228575432876,0.482481867173986,0.336446356219345
"42",12392,0.306103886948009,0.170508836215581,0.158430898479399,0.364956378357011
"43",12393,0.164738574826939,0.248425661900849,0.104020424345904,0.482815338926309
"44",12394,0.199436197921314,0.0892946396977044,0.258820329061363,0.452448833319618
"45",12395,0.0886162161350422,0.129029248921649,0.465273739057534,0.317080795885775
"46",12396,0.060150544774113,0.23188529532212,0.312901672169883,0.395062487733884
"47",12397,0.464494942619295,0.0468273604012449,0.245704169179679,0.242973527799782
"48",12398,0.161145452972701,0.212338549229121,0.3308731808922,0.295642816905977
"49",12399,0.239641372916433,0.460027920364282,0.0482439131525882,0.252086793566696
"50",12400,0.155760520548178,0.0831054358322279,0.260525772518915,0.500608271100679
"51",12401,0.122265117546374,0.199219123804891,0.102935619724231,0.575580138924504
"52",12402,0.121935584574617,0.106371091735544,0.320094771219821,0.451598552470018
"53",12403,0.164802731074212,0.0888540807171298,0.239680036680164,0.506663151528495
"54",12404,0.114117604121908,0.0836627940728023,0.401398991229658,0.400820610575632
"55",12405,0.164131003504441,0.324821303114338,0.221874383073692,0.289173310307529
"56",12406,0.354388397551978,0.318371267944285,0.108097447161279,0.219142887342458
"57",12407,0.307630902155457,0.0740060144483219,0.407892114269552,0.21047096912667
"58",12408,0.337781922877489,0.241970096965954,0.207318900456,0.212929079700557
"59",12409,0.426444720350683,0.34476577750426,0.0563065716978197,0.172482930447237
"60",12410,0.144498228077395,0.457771351080992,0.0666252567275992,0.331105164114014
"61",12411,0.497840504948809,0.061492112344285,0.187562874948315,0.253104507758591
"62",12412,0.0844779392036981,0.248844671841783,0.432042391801723,0.234634997152796
"63",12413,0.0935043773948255,0.27081946105299,0.481652178803892,0.154023982748292
"64",12414,0.283326440712701,0.112382323504835,0.239826775371682,0.364464460410781
"65",12415,0.498615158092225,0.115275916176141,0.118668300236593,0.267440625495042
"66",12416,0.59921385088285,0.0525972725519675,0.0692333096161485,0.278955566949034
"67",12417,0.218196632920913,0.108360255662695,0.130685563067475,0.542757548348916
"68",12418,0.286152829622493,0.434225166629245,0.0452156601334922,0.23440634361477
"69",12419,0.212155542652948,0.128987167407815,0.092285969213844,0.566571320725393
"70",12420,0.206930485025343,0.148124179569953,0.271925402904946,0.373019932499758
"71",12421,0.395623328969806,0.281028217832843,0.105350526576277,0.217997926621074
"72",12422,0.323331599344936,0.258180741986491,0.245572369324924,0.172915289343649
"73",12423,0.212230284234495,0.243861149528493,0.109896203294092,0.43401236294292
"74",12424,0.19246024613461,0.46729026463235,0.0464813229476894,0.29376816628535
"75",12425,0.38712414431785,0.13756295351902,0.220818306898339,0.254494595264791
"76",12426,0.21447779738578,0.1173647820947,0.334432924018097,0.333724496501424
"77",12427,0.349226100601724,0.11550890447559,0.0942190671108821,0.441045927811804
"78",12428,0.121625800935047,0.0897568141224958,0.128257921589801,0.660359463352655
"79",12429,0.327372956358276,0.157314437078357,0.225361601274354,0.289951005289012
"80",12430,0.0875471198559921,0.274315685073438,0.317001904148731,0.321135290921839
"81",12431,0.0870972374826097,0.258344410610906,0.282674988417366,0.371883363489118
"82",12432,0.0756443490729851,0.403620237080993,0.115062098052271,0.405673315793751
"83",12433,0.1172620244705,0.181674348177631,0.186900322237076,0.514163305114793
"84",12434,0.248063894871294,0.160890370401585,0.428549181639795,0.162496553087326
"85",12435,0.195218755409948,0.16327781866585,0.354366677200933,0.287136748723269
"86",12436,0.489260394396095,0.076307764247571,0.13495938318293,0.299472458173404
"87",12437,0.107826319326956,0.474658396740883,0.0646587226262996,0.352856561305861
"88",12438,0.080194503206131,0.363209016760445,0.202122437353425,0.354474042679999
"89",12439,0.099404034694872,0.372087607523909,0.12019736134637,0.408310996434849
"90",12440,0.274537853045653,0.314733758959784,0.125461518998565,0.285266868995998
"91",12441,0.346093417359996,0.218602563619976,0.112771675815299,0.322532343204729
"92",12442,0.0923447325042612,0.477588775839738,0.117137979649581,0.31292851200642
"93",12443,0.109658259964382,0.286394563119982,0.179558341878229,0.424388835037407
"94",12444,0.291144198291988,0.0985607472831588,0.212202075128015,0.398092979296838
"95",12445,0.113319776299809,0.129835610068098,0.387324923430537,0.369519690201556
"96",12446,0.459734021920048,0.0713986202986016,0.102809438614359,0.366057919166991
"97",12447,0.103612335485096,0.492510262872169,0.0587716363399879,0.345105765302747
"98",12448,0.298657648897183,0.091987794322601,0.130252873597757,0.479101683182459
"99",12449,0.119083132553328,0.0489547893544685,0.586253642790453,0.24570843530175
"100",12450,0.348915076673692,0.296688845513612,0.195864885177841,0.158531192634855
"101",12451,0.0558999524164437,0.293975416015171,0.405365556409557,0.244759075158828
"102",12452,0.28161338873324,0.229244248024451,0.304017144440917,0.185125218801392
"103",12453,0.122504235703727,0.274131543884091,0.281119764728001,0.322244455684182
"104",12454,0.375189946417122,0.0441631247647948,0.30010089151191,0.280546037306173
"105",12455,0.175157756419208,0.41846130361629,0.11486835922014,0.291512580744362
"106",12456,0.133571891538705,0.462154892593753,0.117967838144506,0.286305377723036
"107",12457,0.312991164010654,0.0648318565631175,0.27701102994344,0.345165949482788
"108",12458,0.159239733885202,0.412546914015798,0.189665746203305,0.238547605895694
"109",12459,0.129568947891718,0.175181143219682,0.170446498426833,0.524803410461767
"110",12460,0.0354790419551908,0.433326517377752,0.333314269364759,0.197880171302298
"111",12461,0.263266482470298,0.38912983200744,0.100662727550065,0.246940957972198
"112",12462,0.570223648250841,0.0629325333187056,0.128126333689869,0.238717484740584
"113",12463,0.134222927307345,0.166105351179048,0.317201390837599,0.382470330676008
"114",12464,0.140143268489865,0.207617486418344,0.468570353357086,0.183668891734705
"115",12465,0.191621189637376,0.142079373493523,0.260275199336278,0.406024237532823
"116",12466,0.508248296163626,0.12872176942307,0.0671925075188401,0.295837426894463
"117",12467,0.108527271400233,0.317855253793548,0.190749957611664,0.382867517194555
"118",12468,0.183047602349923,0.454074209703213,0.0860740116327288,0.276804176314136
"119",12469,0.0439051014049523,0.408441671047192,0.283309750596637,0.264343476951219
"120",12470,0.198198920462851,0.13886791401746,0.412530310197683,0.250402855322006
"121",12471,0.188151016366594,0.050785338557027,0.432730225912805,0.328333419163574
"122",12472,0.33612973099857,0.160563423101331,0.112191968406689,0.39111487749341
"123",12473,0.3923822710641,0.157635807752616,0.121312560485946,0.328669360697338
"124",12474,0.39649175203424,0.0786175425517279,0.0720519869584188,0.452838718455613
"125",12475,0.533618062935984,0.040472177797016,0.103959643376722,0.321950115890277
"126",12476,0.0710255925197597,0.115349388060736,0.635007388893531,0.178617630525974
"127",12477,0.43964271352504,0.090986644170082,0.252138895216074,0.217231747088804
"128",12478,0.282290001321528,0.191539257639786,0.20955484486016,0.316615896178526
"129",12479,0.096860912296058,0.129711408204023,0.465913945852433,0.307513733647486
"130",12480,0.212411643380396,0.475119298250191,0.0786278590050169,0.233841199364397
"131",12481,0.169095127513034,0.250849092929283,0.298314160943202,0.281741618614481
"132",12482,0.135479988647632,0.127648445991242,0.521235193774274,0.215636371586851
"133",12483,0.202612567158625,0.0967960586324853,0.140213068783805,0.560378305425084
"134",12484,0.201716731769443,0.139979786837012,0.174262007691634,0.48404147370191
"135",12485,0.229391639126943,0.183619782468254,0.223355714950489,0.363632863454315
"136",12486,0.319208300055546,0.187771005955617,0.195559826799717,0.297460867189121
"137",12487,0.196311601515603,0.376306012948782,0.186538294396969,0.240844091138646
"138",12488,0.0606275510477901,0.0814660867054669,0.479341653304448,0.378564708942295
"139",12489,0.0490523312891511,0.377427508594554,0.22927010720523,0.344250052911065
"140",12490,0.293928705385228,0.0594837417873997,0.407857500125652,0.238730052701721
"141",12491,0.202798653387274,0.178551653671096,0.390321677754665,0.228328015186964
"142",12492,0.0445014237856557,0.185642551084569,0.529788400218214,0.240067624911562
"143",12493,0.2917818328006,0.165512466019458,0.213102276953597,0.329603424226345
"144",12494,0.165963148728708,0.0480564848036207,0.468848803765273,0.317131562702398
"145",12495,0.360244209163895,0.0747618426055391,0.191025659859538,0.373968288371028
"146",12496,0.377534704770352,0.129939292988417,0.135224484823305,0.357301517417926
"147",12497,0.0811284523670619,0.358709343924727,0.115822576177566,0.444339627530645
"148",12498,0.163418128384508,0.140762402074951,0.449074588993028,0.246744880547513
"149",12499,0.277291551800859,0.0803014117849224,0.298989922492609,0.343417113921609
"150",12500,0.138280415569198,0.135391859624511,0.12136875027883,0.60495897452746
"151",12501,0.0627698392081655,0.223033784378573,0.511819495139181,0.20237688127408
"152",12502,0.0962929589139804,0.380141839856266,0.201751139992723,0.321814061237031
"153",12503,0.38153097792243,0.32552967222946,0.0381453061432613,0.254794043704849
"154",12504,0.068053828234391,0.428187575912766,0.144535982263222,0.359222613589621
"155",12505,0.2216484260373,0.404102008011515,0.0800279633216471,0.294221602629538
"156",12506,0.258580212772318,0.366923758007762,0.0865152243565065,0.287980804863413
"157",12507,0.157077023169706,0.10222397201751,0.357055662365509,0.383643342447275
"158",12508,0.0928282251674599,0.0946925369217944,0.43890018307588,0.373579054834866
"159",12509,0.144764101460881,0.203474068993929,0.253779782350289,0.397982047194901
"160",12510,0.0514869358824642,0.426964414215855,0.28089393211336,0.240654717788321
"161",12511,0.142875968155008,0.176803196329068,0.198287150396202,0.482033685119722
"162",12512,0.35960860401126,0.308308526412242,0.0721834783604161,0.259899391216082
"163",12513,0.190487951968539,0.433499582187179,0.152097547572024,0.223914918272258
"164",12514,0.213798909241313,0.357940612307005,0.0691120247409651,0.359148453710717
"165",12515,0.27232141974577,0.354168416765601,0.120001335891818,0.253508827596811
"166",12516,0.237260725753147,0.107437021583903,0.287474302006661,0.367827950656289
"167",12517,0.0948997075005253,0.115313728265308,0.30765075571844,0.482135808515727
"168",12518,0.0908681698757254,0.244982848338217,0.31943625935923,0.344712722426828
"169",12519,0.356672150850655,0.0752922727334984,0.327276075708445,0.240759500707402
"170",12520,0.264104043959788,0.125390027201078,0.292956739940713,0.317549188898421
"171",12521,0.52454476070658,0.0828281230207959,0.113372234788121,0.279254881484503
"172",12522,0.296242651950125,0.223694799772544,0.274350159106273,0.205712389171058
"173",12523,0.0489200019040312,0.359796300361215,0.391493853878291,0.199789843856462
"174",12524,0.389747008967581,0.0518474859156845,0.342562052514286,0.215843452602449
"175",12525,0.424607295458256,0.128543443008655,0.205054442992145,0.241794818540944
"176",12526,0.188700433518924,0.158763568015407,0.169154009099446,0.483381989366222
"177",12527,0.294151295424837,0.306197882982047,0.0822687441301162,0.317382077463
"178",12528,0.363855592931201,0.101105388863724,0.164899905537935,0.37013911266714
"179",12529,0.222318637274022,0.163094363893612,0.108407803568046,0.506179195264321
"180",12530,0.36193437987108,0.333165889320908,0.0979901027875376,0.206909628020475
"181",12531,0.099573231687509,0.27859227799399,0.0878703238158093,0.533964166502691
"182",12532,0.284631673007969,0.118911721793034,0.302852358226115,0.293604246972882
"183",12533,0.38692326478914,0.11067650230173,0.287378536211089,0.21502169669804
"184",12534,0.191327890781518,0.143230958793448,0.392932972988438,0.272508177436596
"185",12535,0.467476186263278,0.155126294263255,0.0874372049610817,0.289960314512386
"186",12536,0.125624684176696,0.0550558150532021,0.496172192936111,0.323147307833991
"187",12537,0.111568479409212,0.338501717687244,0.169735251181377,0.380194551722167
"188",12538,0.514371993181617,0.0932929324751434,0.0977066108710987,0.294628463472141
"189",12539,0.177963820746504,0.427700124894732,0.181886956141728,0.212449098217036
"190",12540,0.153122441342768,0.250823477653071,0.239256147476284,0.356797933527877
"191",12541,0.260216211122706,0.293125629442374,0.29013413880192,0.156524020633
"192",12542,0.102683204758636,0.275426614098973,0.211758706414942,0.41013147472745
"193",12543,0.41779963536727,0.177484846085924,0.0826405576466626,0.322074960900144
"194",12544,0.49320425850375,0.07243861522078,0.12962478256639,0.30473234370908
"195",12545,0.341762739998921,0.180621003731296,0.175980897722976,0.301635358546807
"196",12546,0.243364785406834,0.269784129180113,0.146346167212569,0.340504918200484
"197",12547,0.376680719345424,0.0949731153808105,0.0839113097676697,0.444434855506096
"198",12548,0.368917839432998,0.3006795687845,0.0686848017294974,0.261717790053005
"199",12549,0.365756308715454,0.0569191968512896,0.202110510591572,0.375213983841684
"200",12550,0.290758981592983,0.168971442849737,0.297492560462696,0.242777015094584
"201",12551,0.0636936110824463,0.45246561456348,0.224048603421633,0.25979217093244
"202",12552,0.222718740772874,0.424603781665233,0.0893076874602097,0.263369790101683
"203",12553,0.545851255566092,0.0513205788406028,0.0859492452405485,0.316878920352757
"204",12554,0.046556312683558,0.543411883288305,0.110425275401011,0.299606528627127
"205",12555,0.250189752608678,0.0933342652498195,0.417915639736792,0.238560342404711
"206",12556,0.247787308813196,0.105599159349185,0.292516085103475,0.354097446734144
"207",12557,0.209238913680166,0.101420768546248,0.318789996584908,0.370550321188678
"208",12558,0.0851923935011508,0.570484991867445,0.0930766155357406,0.251245999095663
"209",12559,0.100247466216332,0.064733095750635,0.463522646888728,0.371496791144305
"210",12560,0.19724076332539,0.09476966283753,0.136136184147296,0.571853389689784
"211",12561,0.174232078866732,0.393028583460436,0.0814608415401644,0.351278496132668
"212",12562,0.0605587941826739,0.226953406624754,0.45129165880968,0.261196140382892
"213",12563,0.130398095323389,0.0809103918298066,0.498637965992941,0.290053546853863
"214",12564,0.312860382164331,0.223360954942201,0.115196234475465,0.348582428418003
"215",12565,0.171704285094615,0.350422884218805,0.226051582579827,0.251821248106753
"216",12566,0.154710040920382,0.15743414741577,0.0980535114909373,0.589802300172911
"217",12567,0.260638688370489,0.447582607230962,0.08735181770397,0.204426886694579
"218",12568,0.331707249789687,0.225143537302378,0.100266886657104,0.34288232625083
"219",12569,0.347168438789004,0.184393370015765,0.289075755710716,0.179362435484514
"220",12570,0.0998956976068596,0.251167736667352,0.414790468004981,0.234146097720807
"221",12571,0.234434076624369,0.33965974812071,0.160458690329167,0.265447484925755
"222",12572,0.111252249679379,0.133241162016267,0.238519156534854,0.5169874317695
"223",12573,0.188179312281041,0.448326802294223,0.0916934611924682,0.271800424232268
"224",12574,0.194509377427337,0.265105769665125,0.313278244140451,0.227106608767086
"225",12575,0.0641089017532296,0.452156079896924,0.177896551268059,0.305838467081788
"226",12576,0.0600750319795938,0.165866581501824,0.418982582766204,0.355075803752379
"227",12577,0.0722335825478312,0.366780335547031,0.346436087737502,0.214549994167636
"228",12578,0.295751672396673,0.0717203300452784,0.385767559135491,0.246760438422558
"229",12579,0.400336176088148,0.227733845480006,0.158575594151476,0.213354384280369
"230",12580,0.426528127501498,0.179492446231016,0.115595678967448,0.278383747300038
"231",12581,0.131110029254898,0.405542304703738,0.197087984919475,0.26625968112189
"232",12582,0.348878672402604,0.1629493695288,0.204899651952046,0.28327230611655
"233",12583,0.137010172307042,0.422609640213591,0.176781418721803,0.263598768757565
"234",12584,0.0723939792186346,0.0731616792616923,0.558415921743357,0.296028419776316
"235",12585,0.386489003635343,0.0987987047150088,0.334426147887293,0.180286143762355
"236",12586,0.21315919848651,0.0686551041197023,0.34758609625677,0.370599601137018
"237",12587,0.0383119360333946,0.365273604234568,0.34405315962204,0.252361300109998
"238",12588,0.188917736116636,0.365446722947738,0.101712908699748,0.343922632235878
"239",12589,0.369643376833893,0.0938598210902079,0.233471270863961,0.303025531211939
"240",12590,0.140972467906708,0.354738955274415,0.23197564729872,0.272312929520158
"241",12591,0.0862449483828342,0.066006609862485,0.401781365225655,0.445967076529026
"242",12592,0.173723524783515,0.265839246964848,0.289104256823411,0.271332971428225
"243",12593,0.478389928649394,0.246920370667771,0.0882267132431753,0.18646298743966
"244",12594,0.428465146669261,0.141270953613732,0.137041478970098,0.293222420746909
"245",12595,0.105082771123199,0.484207177944923,0.114689558789344,0.296020492142535
"246",12596,0.104112706105597,0.432517162002189,0.0744906014697088,0.388879530422505
"247",12597,0.102167926749757,0.15266248714667,0.172004722456468,0.573164863647106
"248",12598,0.123046438058288,0.183891429651437,0.17363593454105,0.519426197749225
"249",12599,0.197864141136232,0.108174600264842,0.390307154998991,0.303654103599935
"250",12600,0.120125427963669,0.400464185417376,0.255974638210405,0.223435748408551
"251",12601,0.273313527308323,0.100651858464165,0.439353179671852,0.186681434555661
"252",12602,0.119105257084301,0.574186022622312,0.0666162616932559,0.240092458600131
"253",12603,0.0626925594413458,0.584349876991711,0.103943055492566,0.249014508074377
"254",12604,0.0975740909221212,0.546510707904304,0.139578527739599,0.216336673433975
"255",12605,0.597435419556667,0.052147572318634,0.114900319728322,0.235516688396377
"256",12606,0.485837950172597,0.142478424627641,0.137468169572346,0.234215455627416
"257",12607,0.17268588252242,0.255358802311628,0.382943777039319,0.189011538126634
"258",12608,0.45182637406722,0.0624224824109191,0.143374506446579,0.342376637075282
"259",12609,0.136621243256167,0.0850545752592115,0.344164154767026,0.434160026717595
"260",12610,0.156053753087266,0.172911631473553,0.434900188915022,0.236134426524159
"261",12611,0.0389667371773412,0.119450033660403,0.551545736614882,0.290037492547374
"262",12612,0.189046291801562,0.240451267782884,0.130700733691218,0.439801706724336
"263",12613,0.187636872381346,0.215484486988741,0.109073211199915,0.487805429429998
"264",12614,0.165915218419446,0.46210548415439,0.0799184289659119,0.292060868460252
"265",12615,0.162188412208373,0.370439672553181,0.262865481308492,0.204506433929955
"266",12616,0.112119562910219,0.250127481746461,0.216083447980496,0.421669507362824
"267",12617,0.367999482924022,0.375782079901927,0.0724829855371566,0.183735451636895
"268",12618,0.177192179797558,0.193082875002832,0.399292210574532,0.230432734625077
"269",12619,0.505944655069007,0.108757844528842,0.152631032306583,0.232666468095568
"270",12620,0.061211315402961,0.493619779948146,0.136866512567534,0.308302392081359
"271",12621,0.0853545546910847,0.281954292059853,0.387919045316892,0.24477210793217
"272",12622,0.459333852524781,0.0629400559872736,0.144626780913457,0.333099310574488
"273",12623,0.107028250820599,0.075131724024883,0.506153377860991,0.311686647293527
"274",12624,0.354029368638885,0.112570243890902,0.315520193284409,0.217880194185804
"275",12625,0.116888227172482,0.186278342283866,0.349180039728302,0.347653390815349
"276",12626,0.159069896222205,0.248321566592623,0.229635359374618,0.362973177810555
"277",12627,0.0854310028988238,0.383815215764561,0.180828742386332,0.349925038950283
"278",12628,0.116898799421613,0.452435418411791,0.121794435699856,0.30887134646674
"279",12629,0.173752551322245,0.0522305238565003,0.478789159516804,0.295227765304451
"280",12630,0.266410572581965,0.0712892290287111,0.203895438147792,0.458404760241532
"281",12631,0.315469411553723,0.184334892855461,0.321549406865655,0.178646288725161
"282",12632,0.420932882135129,0.204658809295631,0.162977462964796,0.211430845604444
"283",12633,0.0661405368208591,0.548971748152027,0.0689772652072937,0.315910449819821
"284",12634,0.270793210041113,0.0457069913576996,0.402716314572526,0.280783484028662
"285",12635,0.124060815280857,0.0952219445749278,0.376199410836442,0.404517829307772
"286",12636,0.312500449371792,0.262505279212022,0.12688418688917,0.298110084527016
"287",12637,0.224994980815439,0.0926647658860311,0.21025878446165,0.47208146883688
"288",12638,0.0483614756688679,0.2133098278975,0.345077409346816,0.393251287086816
"289",12639,0.171989065755345,0.410539174324477,0.116768848611455,0.300702911308723
"290",12640,0.423091488013023,0.233857634101069,0.183020178572996,0.160030699312912
"291",12641,0.0478585878091307,0.147952759631118,0.580296455240241,0.22389219731951
"292",12642,0.125431501658008,0.254811376649019,0.141811489041496,0.477945632651477
"293",12643,0.458723631743915,0.0815655229346521,0.213248429634191,0.246462415687242
"294",12644,0.105150453036836,0.18201904511867,0.312594526116557,0.400235975727937
"295",12645,0.412987911393533,0.16423685197369,0.160423718918578,0.262351517714199
"296",12646,0.0985370311906865,0.133978392313627,0.483726868636898,0.283757707858789
"297",12647,0.0950632837542484,0.26345747815738,0.348652011155786,0.292827226932585
"298",12648,0.153742904781559,0.417401145447455,0.173398427383905,0.255457522387082
"299",12649,0.111748742294623,0.445196353766802,0.119856825991001,0.323198077947574
"300",12650,0.218931637116618,0.176852832209325,0.116684414637331,0.487531116036726
"301",12651,0.163111100728569,0.138427311734701,0.339611106734003,0.358850480802727
"302",12652,0.302947054706353,0.261937408604962,0.251499801023134,0.18361573566555
"303",12653,0.123871659349738,0.0899985107025538,0.310926464064837,0.475203365882872
"304",12654,0.233087234617218,0.0406920769765814,0.491506211751899,0.234714476654302
"305",12655,0.219161128040585,0.380407209344699,0.0720965529706321,0.328335109644084
"306",12656,0.448619120724557,0.278698027344365,0.11733146263065,0.155351389300429
"307",12657,0.0588414230899195,0.600629676828895,0.0565310625782145,0.283997837502971
"308",12658,0.42714856323478,0.124377822816455,0.229655213931797,0.218818400016968
"309",12659,0.177141707638009,0.124343322145515,0.159722270258748,0.538792699957728
"310",12660,0.386997168977552,0.311844653780876,0.10769115442389,0.193467022817682
"311",12661,0.117364336657535,0.492059415011621,0.0815467695991835,0.30902947873166
"312",12662,0.299964361912041,0.0632469741597544,0.29235477460541,0.344433889322795
"313",12663,0.103863838231424,0.368861923419156,0.097198635113968,0.430075603235453
"314",12664,0.254298446141711,0.260777085502501,0.127718354410988,0.3572061139448
"315",12665,0.434072262202844,0.05500621117637,0.252998801505877,0.257922725114909
"316",12666,0.363835786403136,0.334294467503957,0.0459180869177087,0.255951659175198
"317",12667,0.433804839561493,0.241438948090641,0.0778691492937572,0.246887063054108
"318",12668,0.0801098935847152,0.16009567582826,0.496240093395875,0.26355433719115
"319",12669,0.119973457990622,0.372892052656108,0.144861764011986,0.362272725341284
"320",12670,0.13171526551809,0.178727439817631,0.211637933205273,0.477919361459006
"321",12671,0.0834682095383294,0.109657119145358,0.36964303782216,0.437231633494153
"322",12672,0.177086896637322,0.409301934969717,0.269065572774335,0.144545595618627
"323",12673,0.149818847005919,0.181040314674684,0.222726453984337,0.446414384335059
"324",12674,0.397427832077596,0.278432035720677,0.169249970187552,0.154890162014175
"325",12675,0.442009905813023,0.238707411340387,0.0838419744499852,0.235440708396604
"326",12676,0.235570038521989,0.132536656355423,0.308673696797584,0.323219608325004
"327",12677,0.110857639678456,0.116741348575649,0.231780597434208,0.540620414311687
"328",12678,0.220113987224556,0.350343082688159,0.28191047162839,0.147632458458895
"329",12679,0.107636528054384,0.216494009635087,0.434458681525118,0.241410780785412
"330",12680,0.0674403992843588,0.551985669148114,0.0789474981026766,0.301626433464851
"331",12681,0.144273445904942,0.110788868831623,0.297697980683244,0.447239704580191
"332",12682,0.177222256702485,0.252885068824534,0.138352577166752,0.431540097306229
"333",12683,0.296070634688833,0.0845515454231396,0.10976000495911,0.509617814928918
"334",12684,0.52521711344689,0.0949849651164358,0.141464627535644,0.23833329390103
"335",12685,0.408564393540153,0.0700804721916845,0.216267382900305,0.305087751367857
"336",12686,0.0482975444900802,0.303598702980686,0.367571702525639,0.280532050003595
"337",12687,0.553856369483068,0.0637069651481841,0.0770607597204662,0.305375905648282
"338",12688,0.377523275487905,0.0741264213973593,0.353498912864839,0.194851390249896
"339",12689,0.186934274513217,0.112804825882654,0.355943286458151,0.344317613145977
"340",12690,0.110707264468019,0.487255730170396,0.122650530968258,0.279386474393327
"341",12691,0.26383398103381,0.299463452961271,0.0772365041296425,0.359466061875277
"342",12692,0.0444657701680658,0.447930108229836,0.204609459767606,0.302994661834492
"343",12693,0.394346945101103,0.288894323032309,0.0628371906626349,0.253921541203953
"344",12694,0.345116802166629,0.379990616799167,0.0864538926936012,0.188438688340603
"345",12695,0.388562244144619,0.133120666176115,0.271103657972317,0.207213431706949
"346",12696,0.318990041483447,0.420162285422636,0.0736876170479114,0.187160056046005
"347",12697,0.0668636885381441,0.100430268805429,0.490866745490215,0.341839297166212
"348",12698,0.193204024218178,0.295116320435022,0.24349357699908,0.268186078347719
"349",12699,0.230428064536131,0.390686520977899,0.187959309129989,0.190926105355981
"350",12700,0.191709867354738,0.373465527782207,0.230223654556008,0.204600950307047
"351",12701,0.478437174635601,0.137928564272206,0.096121253060892,0.287513008031302
"352",12702,0.115555793785968,0.118076016689924,0.167004465357657,0.599363724166452
"353",12703,0.0816301982678269,0.479526112392143,0.100917917909194,0.337925771430836
"354",12704,0.405680526708511,0.321173178429761,0.136902940827245,0.136243354034483
"355",12705,0.0821909340520486,0.51132374801786,0.130765852397612,0.275719465532479
"356",12706,0.148258691906983,0.332084823744976,0.256106836295748,0.263549648052293
"357",12707,0.175996284487951,0.430578074389418,0.0840326899582914,0.309392951164339
"358",12708,0.126224776232688,0.415140507209078,0.134406563777016,0.324228152781219
"359",12709,0.130744871805227,0.259097467266605,0.332117393911799,0.278040267016369
"360",12710,0.0943884837925716,0.119327178719323,0.268114827610867,0.518169509877238
"361",12711,0.35124447594703,0.0732818192255077,0.156537203364598,0.418936501462863
"362",12712,0.517490646567797,0.193540516864383,0.0833427684750751,0.205626068092745
"363",12713,0.0789775017654537,0.416204064418116,0.248378219960203,0.256440213856227
"364",12714,0.224010706232471,0.0637602002771618,0.377908760479901,0.334320333010466
"365",12715,0.120715121367566,0.368546396481293,0.0875180317343705,0.423220450416771
"366",12716,0.0617283449699657,0.144088880005742,0.525486429010997,0.268696346013296
"367",12717,0.541598666623938,0.0765766031301312,0.0509112634932632,0.330913466752668
"368",12718,0.349196766314097,0.14437492831909,0.192503536891789,0.313924768475023
"369",12719,0.433555058381254,0.214088137531381,0.0708596446724565,0.281497159414908
"370",12720,0.108953541778741,0.230035277875851,0.175768735421307,0.485242444924101
"371",12721,0.184359782866031,0.0744825874478625,0.403189010933845,0.337968618752262
"372",12722,0.037236615029416,0.196922467006295,0.549216770397528,0.216624147566761
"373",12723,0.280003536392837,0.0711601842778954,0.366426628519368,0.2824096508099
"374",12724,0.537912400357122,0.073343970617963,0.103584710061606,0.285158918963309
"375",12725,0.0960694540979972,0.48869407481724,0.144757258116015,0.270479212968748
"376",12726,0.212905339986178,0.0794363695773277,0.268298169244287,0.439360121192207
"377",12727,0.14395784032704,0.0759596450594017,0.48975021124723,0.290332303366329
"378",12728,0.508426161082359,0.0935822701714308,0.0869316102692915,0.311059958476919
"379",12729,0.357370797620628,0.131452281829457,0.174315424270772,0.336861496279143
"380",12730,0.158879798357722,0.220572754350839,0.105145590349624,0.515401856941815
"381",12731,0.505624490545402,0.123016897017223,0.103018126341421,0.268340486095954
"382",12732,0.17009080353379,0.108661043299761,0.23208716611161,0.48916098705484
"383",12733,0.30994562165561,0.301745470073963,0.190782848825935,0.197526059444492
"384",12734,0.176244332323378,0.298783189680688,0.310684825095901,0.214287652900033
"385",12735,0.0467420787126111,0.0718238953808133,0.598413515990322,0.283020509916254
"386",12736,0.559215948561249,0.0815344538846439,0.0639886947250232,0.295260902829083
"387",12737,0.0664128277642036,0.0644230447599973,0.507626583072196,0.361537544403603
"388",12738,0.367797908574717,0.0679236114269687,0.150452988151418,0.413825491846896
"389",12739,0.126172923960828,0.212067191913438,0.367659461421204,0.294100422704531
"390",12740,0.130942857240798,0.489622578467385,0.073652708998126,0.305781855293691
"391",12741,0.453834230089903,0.138304350246203,0.085148744000342,0.322712675663552
"392",12742,0.21871521594699,0.242050417083054,0.363822254855592,0.175412112114363
"393",12743,0.335392414800155,0.0768060011116591,0.293249518913399,0.294552065174786
"394",12744,0.510692756386899,0.235191573113104,0.0503141367846259,0.203801533715371
"395",12745,0.33809135937598,0.105263461834239,0.18581536531548,0.3708298134743
"396",12746,0.245903652640283,0.0869801223479483,0.410307522864,0.256808702147769
"397",12747,0.402459822431505,0.0545464968794586,0.34456763334876,0.198426047340276
"398",12748,0.0704708200301649,0.512213401637628,0.15281311255266,0.264502665779547
"399",12749,0.410032182135816,0.234581068610714,0.0479235125028925,0.307463236750578
"400",12750,0.295834678389895,0.251707232073896,0.269805931499073,0.182652158037136
"401",12751,0.188676583082497,0.204243955567695,0.0827755621542655,0.524303899195542
"402",12752,0.167128079082234,0.273200620614684,0.072036271057015,0.487635029246066
"403",12753,0.121711250877957,0.336771997074129,0.0905222093900942,0.45099454265782
"404",12754,0.124873990691061,0.544446839890991,0.0725358251824336,0.258143344235515
"405",12755,0.0559659948008652,0.0838975626852334,0.514895709907004,0.345240732606898
"406",12756,0.120661682161075,0.295490335906131,0.406668999802258,0.177178982130536
"407",12757,0.36693642914523,0.3353517964418,0.0943721828967154,0.203339591516255
"408",12758,0.503522773025929,0.0865737380127395,0.097189166684501,0.31271432227683
"409",12759,0.124324333922392,0.079134893221019,0.163135448131476,0.633405324725113
"410",12760,0.210848542980509,0.478287338341002,0.0418941795996552,0.268969939078833
"411",12761,0.118983637021048,0.143180729829221,0.464781984044908,0.273053649104823
"412",12762,0.103907108030686,0.404061628402964,0.106458062283272,0.385573201283078
"413",12763,0.378216751163025,0.0545389806883844,0.327073885972382,0.240170382176209
"414",12764,0.208948514293597,0.110535341732534,0.312680744593577,0.367835399380292
"415",12765,0.441123116406622,0.207312276530456,0.0923993494716082,0.259165257591315
"416",12766,0.229674762545738,0.264548048687089,0.12649034087509,0.379286847892083
"417",12767,0.384346608883409,0.102263135989211,0.116473223435205,0.396917031692175
"418",12768,0.225816864630698,0.419475613839668,0.10644065965488,0.248266861874754
"419",12769,0.161148687057613,0.531477751381845,0.0679497039385208,0.239423857622021
"420",12770,0.103688324009556,0.508063917838634,0.0464914793913333,0.341756278760477
"421",12771,0.26383155965116,0.224051102490801,0.313558092415397,0.198559245442643
"422",12772,0.386801604901731,0.0607870970574457,0.359347653680746,0.193063644360077
"423",12773,0.548368183414576,0.0828982453673658,0.0964321250198659,0.272301446198192
"424",12774,0.265536903251273,0.268721826019594,0.228035577266778,0.237705693462355
"425",12775,0.243629644694209,0.411214180051407,0.062880307337758,0.282275867916626
"426",12776,0.233052528474452,0.163999829947858,0.322704587155987,0.280243054421702
"427",12777,0.467815936054304,0.0900402761713828,0.156284201862271,0.285859585912042
"428",12778,0.219135384665436,0.217382635542928,0.359564522876366,0.20391745691527
"429",12779,0.130887277702705,0.2102169793393,0.276778714729313,0.382117028228681
"430",12780,0.371916697502119,0.217423800694382,0.237939213682547,0.172720288120952
"431",12781,0.374725498160658,0.0493219901268298,0.292908038756505,0.283044472956007
"432",12782,0.132768846179858,0.170003646331172,0.158212513384237,0.539014994104733
"433",12783,0.0914026095767683,0.238395290002602,0.385322340500243,0.284879759920386
"434",12784,0.306826320250106,0.226473798077291,0.168401587915487,0.298298293757116
"435",12785,0.0868321042990826,0.463774720819961,0.0840810377135486,0.365312137167408
"436",12786,0.172640741798161,0.314283099976826,0.117419329778176,0.395656828446837
"437",12787,0.461000808223159,0.102802635169348,0.233452624783348,0.202743931824144
"438",12788,0.507482332482437,0.160670875596932,0.0513886039505227,0.280458187970108
"439",12789,0.0401732947204938,0.332424570882293,0.456525611478505,0.170876522918708
"440",12790,0.0895016296065711,0.115325259977148,0.479070408938598,0.316102701477683
"441",12791,0.081724426050757,0.143861196883461,0.167686182450256,0.606728194615526
"442",12792,0.294076792964014,0.231021052469417,0.264822605893832,0.210079548672737
"443",12793,0.0891275984242724,0.0715787585566882,0.44094109686079,0.39835254615825
"444",12794,0.0659982860166069,0.506029779713966,0.123846083815335,0.304125850454092
"445",12795,0.350899119550485,0.0582636048022126,0.340442078359762,0.250395197287541
"446",12796,0.200925786640591,0.32266351149891,0.0707476973580293,0.40566300450247
"447",12797,0.305997653802054,0.290410332831942,0.255160792318001,0.148431221048003
"448",12798,0.401371485114839,0.073146227523046,0.219038391511351,0.306443895850764
"449",12799,0.278418514858149,0.463978203658722,0.0491487761651463,0.208454505317982
"450",12800,0.410583136379474,0.0302803513578645,0.363945015071582,0.19519149719108
"451",12801,0.409396886711331,0.198301714420398,0.197129005184124,0.195172393684147
"452",12802,0.502929952615775,0.14414063516732,0.0865550793581887,0.266374332858716
"453",12803,0.354484965071837,0.0515064687002262,0.324948512326311,0.269060053901626
"454",12804,0.227961789102564,0.434480645584162,0.0817443386952678,0.255813226618007
"455",12805,0.126132699770425,0.107526367550284,0.349919748469368,0.416421184209924
"456",12806,0.465299171588377,0.207921423787023,0.0742962859646356,0.252483118659964
"457",12807,0.0816671416995545,0.0687989949849692,0.5033634443102,0.346170419005277
"458",12808,0.0765676055446126,0.436269347183126,0.114265990345598,0.372897056926664
"459",12809,0.134896329832331,0.0339124071018575,0.597771117400681,0.233420145665131
"460",12810,0.16173914825685,0.238636439298057,0.0812049326864526,0.51841947975864
"461",12811,0.0366244247147782,0.225683656127161,0.502725050920756,0.234966868237305
"462",12812,0.155030123475826,0.352713593961737,0.118457295334813,0.373798987227624
"463",12813,0.142093237640438,0.0869065221994309,0.421324820563551,0.349675419596579
"464",12814,0.0711440127445096,0.286464596680924,0.325108355368333,0.317283035206233
"465",12815,0.139025348354985,0.499980067300764,0.137722902150322,0.223271682193929
"466",12816,0.0802485424770589,0.134011619587069,0.19462133461257,0.591118503323302
"467",12817,0.120823775544326,0.372029378787862,0.33604694626648,0.171099899401332
"468",12818,0.340677563915192,0.348633257490324,0.0658308850649438,0.244858293529541
"469",12819,0.0440747019367812,0.344008998983,0.400417698976187,0.211498600104032
"470",12820,0.220387255087048,0.18539212189485,0.285158576973469,0.309062046044634
"471",12821,0.275755054592717,0.146546236499289,0.255343859810959,0.322354849097034
"472",12822,0.0744705164332414,0.254009108476221,0.421767846040414,0.249752529050124
"473",12823,0.307920752719461,0.343406148860386,0.0789278340011928,0.26974526441896
"474",12824,0.292848265439164,0.0678744530113489,0.261713604151921,0.377563677397567
"475",12825,0.178036118519901,0.129534719938087,0.488163243247835,0.204265918294177
"476",12826,0.227656825759406,0.104471127753153,0.240583415270567,0.427288631216874
